sim.isolation.period sim.migration.period sim.theta sim.rho sim.mig mle.isolation.period mle.migration.period mle.theta mle.rho mle.mig logL
.00050000000000000000	.00150000000000000000	.00200000000000000000	.40000000000000000000	500.00000000000000000000	0.000985328374625	0.00123028353941	0.00198925818564	0.378048052163	230866103.297	-35703.0603073
.00050000000000000000	.00150000000000000000	.00200000000000000000	.40000000000000000000	500.00000000000000000000	0.000250283734255	0.00133702815741	0.00203632787788	0.388244156081	98.6422601436	-36253.5475326
.00050000000000000000	.00150000000000000000	.00200000000000000000	.40000000000000000000	500.00000000000000000000	0.000964667176146	0.000976172263956	0.00227460404779	0.295634398501	53609304.2322	-35937.1627242
.00050000000000000000	.00150000000000000000	.00200000000000000000	.40000000000000000000	500.00000000000000000000	0.000887301409411	0.00207681319293	0.00155457601014	0.255036953876	1644.75908304	-35619.2169701
.00050000000000000000	.00150000000000000000	.00200000000000000000	.40000000000000000000	500.00000000000000000000	0.000556114941028	0.00151501660031	0.00194982294495	0.271889175397	791.452345911	-34723.9286104
.00050000000000000000	.00150000000000000000	.00200000000000000000	.40000000000000000000	500.00000000000000000000	0.000447402009988	0.00158944865665	0.00179204252626	0.399938734669	492.63039618	-34214.7277056
.00050000000000000000	.00150000000000000000	.00200000000000000000	.40000000000000000000	500.00000000000000000000	0.000401104565141	0.0015282694381	0.00227459750622	0.355162659149	349.244891593	-37672.6322062
.00050000000000000000	.00150000000000000000	.00200000000000000000	.40000000000000000000	500.00000000000000000000	0.000756306741938	0.00104473687721	0.00219312949083	0.294889928677	450.261168064	-37395.0541728
.00050000000000000000	.00150000000000000000	.00200000000000000000	.40000000000000000000	500.00000000000000000000	0.000628902695381	0.00164266868267	0.0020410434224	0.381008217136	1363.75131011	-35434.3468731
.00050000000000000000	.00150000000000000000	.00200000000000000000	.40000000000000000000	500.00000000000000000000	0.000184647052209	0.00126584863184	0.00244331190549	0.587766482106	232.521467012	-35225.8686717
.00050000000000000000	.00150000000000000000	.00200000000000000000	.40000000000000000000	500.00000000000000000000	0.000870610956117	0.00142654723438	0.00176809613045	0.314025881653	784.834906499	-37027.1781763
.00050000000000000000	.00150000000000000000	.00200000000000000000	.40000000000000000000	500.00000000000000000000	0.000878669138171	0.00191770576809	0.0015766799431	0.334236192469	1526.84107674	-35707.1571178
.00050000000000000000	.00150000000000000000	.00200000000000000000	.40000000000000000000	500.00000000000000000000	0.000984601019879	0.00107465581097	0.00231520385583	0.313271532129	2328563.79556	-37455.3422236
.00050000000000000000	.00150000000000000000	.00200000000000000000	.40000000000000000000	500.00000000000000000000	0.00057509161892	0.00122655070407	0.00237187468546	0.301730476775	650.236225854	-36824.5506798
.00050000000000000000	.00150000000000000000	.00200000000000000000	.40000000000000000000	500.00000000000000000000	0.000607019034399	0.00123219496665	0.00255653030713	0.263270272076	2673.64127399	-36393.4358226
.00050000000000000000	.00150000000000000000	.00200000000000000000	.40000000000000000000	500.00000000000000000000	0.00109201012467	0.00165840840385	0.00179778658083	0.36015690826	8312216.92471	-37036.1365407
.00050000000000000000	.00150000000000000000	.00200000000000000000	.40000000000000000000	500.00000000000000000000	0.000835571243657	0.00129262770482	0.00205282547273	0.389648577252	1323.26005711	-36773.0610412
.00050000000000000000	.00150000000000000000	.00200000000000000000	.40000000000000000000	500.00000000000000000000	0.000813170761327	0.00168502670275	0.00168395753857	0.283508062548	1045.65877187	-35854.5282898
.00050000000000000000	.00150000000000000000	.00200000000000000000	.40000000000000000000	500.00000000000000000000	0.000481124467251	0.00184336021724	0.00164081171189	0.318670636436	502.709150067	-34832.3536081
.00050000000000000000	.00150000000000000000	.00200000000000000000	.40000000000000000000	500.00000000000000000000	0.000252479125467	0.00197939931688	0.00171941597046	0.486822258214	364.422780347	-34311.7512899
.00050000000000000000	.00150000000000000000	.00200000000000000000	.40000000000000000000	500.00000000000000000000	0.000576824737176	0.00153522040398	0.00213269577533	0.357597186459	660.416087502	-36650.9128916
.00050000000000000000	.00150000000000000000	.00200000000000000000	.40000000000000000000	500.00000000000000000000	0.000377652911124	0.00162394744146	0.00175658358172	0.534144413741	343.917813777	-34601.2554884
.00050000000000000000	.00150000000000000000	.00200000000000000000	.40000000000000000000	500.00000000000000000000	0.000310862324329	0.00158733655617	0.00204328339823	0.447881835802	187.211728234	-37604.8177875
.00050000000000000000	.00150000000000000000	.00200000000000000000	.40000000000000000000	500.00000000000000000000	0.00083041844959	0.0010206711388	0.00219636507264	0.24453898574	569589215.472	-34134.9959526
.00050000000000000000	.00150000000000000000	.00200000000000000000	.40000000000000000000	500.00000000000000000000	0.000652750786014	0.000858985205102	0.00223871816263	0.296406918039	275.061698671	-36250.5664859
.00050000000000000000	.00150000000000000000	.00200000000000000000	.40000000000000000000	500.00000000000000000000	0.000565105578433	0.0011028269478	0.00214591834368	0.327486676932	594.464396954	-34852.8966127
.00050000000000000000	.00150000000000000000	.00200000000000000000	.40000000000000000000	500.00000000000000000000	0.000571494227905	0.00192362994676	0.00199793751441	0.262524239213	1013.83495539	-35768.8989708
.00050000000000000000	.00150000000000000000	.00200000000000000000	.40000000000000000000	500.00000000000000000000	0.000571087444156	0.00165094658339	0.00218826839642	0.247979394605	4864.03958073	-33832.2650852
.00050000000000000000	.00150000000000000000	.00200000000000000000	.40000000000000000000	500.00000000000000000000	0.000825819576235	0.00173427306842	0.00193724779321	0.250686293398	2858.46700508	-36107.2001862
.00050000000000000000	.00150000000000000000	.00200000000000000000	.40000000000000000000	500.00000000000000000000	0.000717007960194	0.0022500938407	0.00163350410453	0.34844854612	1015.41375068	-36030.3060234
.00050000000000000000	.00150000000000000000	.00200000000000000000	.40000000000000000000	500.00000000000000000000	0.000557679133069	0.00133120380195	0.00205785259057	0.46861972567	1240.2047081	-33611.0534327
.00050000000000000000	.00150000000000000000	.00200000000000000000	.40000000000000000000	500.00000000000000000000	0.000523056505866	0.00148335710461	0.00201014987422	0.275679856457	621.260864971	-35022.1679621
.00050000000000000000	.00150000000000000000	.00200000000000000000	.40000000000000000000	500.00000000000000000000	0.000291296322515	0.00115362940932	0.00231407087899	0.39955848377	181.773288931	-35237.5995597
.00050000000000000000	.00150000000000000000	.00200000000000000000	.40000000000000000000	500.00000000000000000000	0.000817924809142	0.00191895214914	0.00136173058267	0.399035496019	870.844907044	-34928.8381625
.00050000000000000000	.00150000000000000000	.00200000000000000000	.40000000000000000000	500.00000000000000000000	0.000370673149888	0.00197676490667	0.00179294227352	0.318057189558	334.404113732	-36334.1991656
.00050000000000000000	.00150000000000000000	.00200000000000000000	.40000000000000000000	500.00000000000000000000	0.000330182416862	0.00154257349508	0.00202569959577	0.293547581714	336.466956336	-35054.3382995
.00050000000000000000	.00150000000000000000	.00200000000000000000	.40000000000000000000	500.00000000000000000000	0.000692763222048	0.00119366267889	0.00192067106213	0.330944145055	332.707419637	-37050.8317345
.00050000000000000000	.00150000000000000000	.00200000000000000000	.40000000000000000000	500.00000000000000000000	0.00105659145141	0.00130464814519	0.00209959574248	0.280604988261	2349721.68688	-37595.6922479
.00050000000000000000	.00150000000000000000	.00200000000000000000	.40000000000000000000	500.00000000000000000000	0.000628071330442	0.00182927517369	0.00193868920879	0.208075635199	745.344702253	-36987.1681866
.00050000000000000000	.00150000000000000000	.00200000000000000000	.40000000000000000000	500.00000000000000000000	0.000453992915835	0.00153303661452	0.00217791043758	0.397101997142	375.110913395	-37568.7855502
.00050000000000000000	.00150000000000000000	.00200000000000000000	.40000000000000000000	500.00000000000000000000	0.000574519409048	0.00148499046629	0.00210105199614	0.405430444063	759.308292275	-35607.7443883
.00050000000000000000	.00150000000000000000	.00200000000000000000	.40000000000000000000	500.00000000000000000000	0.000352326880107	0.00144656619751	0.00198459947892	0.313918456403	491.268310402	-33231.6743087
.00050000000000000000	.00150000000000000000	.00200000000000000000	.40000000000000000000	500.00000000000000000000	0.000584212132496	0.00232834650018	0.00143081869267	0.707949439867	484.32747973	-36568.8259413
.00050000000000000000	.00150000000000000000	.00200000000000000000	.40000000000000000000	500.00000000000000000000	0.00047015713238	0.00146464739044	0.00222506519646	0.293840703223	640.242819516	-35763.6610988
.00050000000000000000	.00150000000000000000	.00200000000000000000	.40000000000000000000	500.00000000000000000000	0.000348042093465	0.00134339846376	0.00213602175037	0.454501653915	271.224452648	-35543.4337751
.00050000000000000000	.00150000000000000000	.00200000000000000000	.40000000000000000000	500.00000000000000000000	0.000778316376197	0.00139475634293	0.00216677647238	0.324366955271	1204.71632548	-37225.4661689
.00050000000000000000	.00150000000000000000	.00200000000000000000	.40000000000000000000	500.00000000000000000000	0.000546045616908	0.00165695511168	0.00214781861013	0.267692704063	941.167170896	-35981.8128251
.00050000000000000000	.00150000000000000000	.00200000000000000000	.40000000000000000000	500.00000000000000000000	0.000232702075261	0.0013092859132	0.00228385249312	0.553215353001	306.118510147	-34439.9548864
.00050000000000000000	.00150000000000000000	.00200000000000000000	.40000000000000000000	500.00000000000000000000	0.000549580159053	0.00177811723261	0.00186606262605	0.263685619885	1240.19379231	-33884.3634741
.00050000000000000000	.00150000000000000000	.00200000000000000000	.40000000000000000000	500.00000000000000000000	0.000650812519946	0.00154425655499	0.00185631980542	0.336760731144	778.211013854	-35474.9411471
