sim.isolation.period sim.migration.period sim.theta sim.rho sim.mig mle.isolation.period mle.migration.period mle.theta mle.rho mle.mig logL
.00050000000000000000	.00550000000000000000	.00200000000000000000	.40000000000000000000	500.00000000000000000000	0.000462414335665	0.00134908500137	0.00412381081292	0.263941809732	500.652027273	-47767.5933808
.00050000000000000000	.00550000000000000000	.00200000000000000000	.40000000000000000000	500.00000000000000000000	0.000598758401897	0.00139485550591	0.00400025075387	0.248728781114	4314739.24193	-44974.2543557
.00050000000000000000	.00550000000000000000	.00200000000000000000	.40000000000000000000	500.00000000000000000000	0.00019224845216	0.00184908762097	0.00415988442341	0.25953764101	367.520976605	-48858.4521955
.00050000000000000000	.00550000000000000000	.00200000000000000000	.40000000000000000000	500.00000000000000000000	0.000739430341763	0.00100024272685	0.00434987115375	0.204647033492	1138812.38379	-47410.7052648
.00050000000000000000	.00550000000000000000	.00200000000000000000	.40000000000000000000	500.00000000000000000000	0.000239628298787	0.0012165264106	0.00390293474603	0.291951519593	651.375397759	-43867.6523457
.00050000000000000000	.00550000000000000000	.00200000000000000000	.40000000000000000000	500.00000000000000000000	0.000471220168061	0.0020069904076	0.00363407008561	0.249532699826	1447.29001456	-45263.9831588
.00050000000000000000	.00550000000000000000	.00200000000000000000	.40000000000000000000	500.00000000000000000000	0.000642029279557	0.000925900609628	0.00392414127091	0.219954988799	340372.991405	-43310.3977655
.00050000000000000000	.00550000000000000000	.00200000000000000000	.40000000000000000000	500.00000000000000000000	0.000907417391901	2.06518127992e-08	0.00398377703759	0.283113287311	370.408211288	-44167.4052729
.00050000000000000000	.00550000000000000000	.00200000000000000000	.40000000000000000000	500.00000000000000000000	0.000165066484368	0.00105543837897	0.00404126177583	0.335198849165	159.859168111	-45231.0000204
.00050000000000000000	.00550000000000000000	.00200000000000000000	.40000000000000000000	500.00000000000000000000	0.000496998201084	0.00574771486202	0.00128407765361	0.653157024932	305.315424602	-44597.0856432
.00050000000000000000	.00550000000000000000	.00200000000000000000	.40000000000000000000	500.00000000000000000000	0.000625747393042	0.00397405835971	0.00259837812041	0.216859107384	1062.56222652	-45937.6575571
.00050000000000000000	.00550000000000000000	.00200000000000000000	.40000000000000000000	500.00000000000000000000	0.000768597683563	0.00315187346531	0.00295248368598	0.226583134328	4482.49258699	-45881.665544
.00050000000000000000	.00550000000000000000	.00200000000000000000	.40000000000000000000	500.00000000000000000000	9.67832540873e-13	0.00117679935469	0.00435557362122	0.327926505193	207.576063825	-45088.1122901
.00050000000000000000	.00550000000000000000	.00200000000000000000	.40000000000000000000	500.00000000000000000000	0.000431630083669	0.0053975507709	0.00104640042562	0.778924996971	211.829095141	-46406.2725245
.00050000000000000000	.00550000000000000000	.00200000000000000000	.40000000000000000000	500.00000000000000000000	0.00068395772732	0.0049088122678	0.00240035054185	0.307715207067	656.333936843	-48444.8564471
.00050000000000000000	.00550000000000000000	.00200000000000000000	.40000000000000000000	500.00000000000000000000	0.000512666878669	0.00154287156258	0.0039658259921	0.22209007464	7049.32915574	-44648.7144021
.00050000000000000000	.00550000000000000000	.00200000000000000000	.40000000000000000000	500.00000000000000000000	0.00085815295579	2.26748529195e-09	0.00436887723933	0.273664734451	221.670331771	-43955.2565619
.00050000000000000000	.00550000000000000000	.00200000000000000000	.40000000000000000000	500.00000000000000000000	0.000602977051964	0.00552474729114	0.000886040487663	0.855390090441	213.910322815	-47205.0553375
.00050000000000000000	.00550000000000000000	.00200000000000000000	.40000000000000000000	500.00000000000000000000	0.000593106960469	0.00450162649456	0.00216315029392	0.33349305739	622.220302067	-45154.8293264
.00050000000000000000	.00550000000000000000	.00200000000000000000	.40000000000000000000	500.00000000000000000000	0.000492279722246	0.00569783166637	0.00180008336375	0.489528292161	351.506822237	-47322.3236499
.00050000000000000000	.00550000000000000000	.00200000000000000000	.40000000000000000000	500.00000000000000000000	0.000409170361334	0.00112398612813	0.00403079360134	0.296557780938	603.090657131	-45466.8490168
.00050000000000000000	.00550000000000000000	.00200000000000000000	.40000000000000000000	500.00000000000000000000	0.00055015059676	0.00159241069093	0.00373935820143	0.264918627164	802.9689131	-47232.5596405
.00050000000000000000	.00550000000000000000	.00200000000000000000	.40000000000000000000	500.00000000000000000000	0.000228776288089	0.00109921018333	0.00434234090016	0.236048624715	476.747471598	-46934.8481523
.00050000000000000000	.00550000000000000000	.00200000000000000000	.40000000000000000000	500.00000000000000000000	0.000698768964136	0.000980988750715	0.00429877170093	0.218261424122	8188696.91991	-47425.7426604
.00050000000000000000	.00550000000000000000	.00200000000000000000	.40000000000000000000	500.00000000000000000000	0.000591282498648	0.00472466329912	0.00197730398487	0.303103354353	593.418925973	-44322.9842105
.00050000000000000000	.00550000000000000000	.00200000000000000000	.40000000000000000000	500.00000000000000000000	0.000452286193401	0.00575469921764	0.00159417407005	0.413158646116	273.104518171	-48643.9318511
.00050000000000000000	.00550000000000000000	.00200000000000000000	.40000000000000000000	500.00000000000000000000	0.000471480220266	0.000412014720753	0.00453783118064	0.294399467567	33.7536093654	-45576.257647
.00050000000000000000	.00550000000000000000	.00200000000000000000	.40000000000000000000	500.00000000000000000000	0.00053798552003	0.00101045563429	0.00377860222575	0.210794060565	1920.38767204	-43722.1571411
.00050000000000000000	.00550000000000000000	.00200000000000000000	.40000000000000000000	500.00000000000000000000	0.000842132410774	0.00402940070125	0.00248146840784	0.261378182877	2302.46908817	-45086.7974365
.00050000000000000000	.00550000000000000000	.00200000000000000000	.40000000000000000000	500.00000000000000000000	0.000304499285006	0.000835070840287	0.00442734449543	0.313125994011	605.983633491	-45412.6733734
.00050000000000000000	.00550000000000000000	.00200000000000000000	.40000000000000000000	500.00000000000000000000	0.00114383439097	0.00387472364985	0.00279609566635	0.260427573584	75144.2606752	-49990.0968084
.00050000000000000000	.00550000000000000000	.00200000000000000000	.40000000000000000000	500.00000000000000000000	0.000436659737345	0.00475813258645	0.00219755431037	0.296888811376	624.839923323	-43422.8173468
.00050000000000000000	.00550000000000000000	.00200000000000000000	.40000000000000000000	500.00000000000000000000	0.000708224259556	0.00461080285533	0.00203618688308	0.35672530908	320.371696404	-51209.2954754
.00050000000000000000	.00550000000000000000	.00200000000000000000	.40000000000000000000	500.00000000000000000000	0.000662693905302	0.00303099535552	0.00325027641996	0.206607927712	581812.006426	-45336.1453048
.00050000000000000000	.00550000000000000000	.00200000000000000000	.40000000000000000000	500.00000000000000000000	8.58598821611e-13	0.0017529939793	0.0039193054848	0.264471564471	614.327834018	-42594.4945033
.00050000000000000000	.00550000000000000000	.00200000000000000000	.40000000000000000000	500.00000000000000000000	0.000463434954768	0.00548077669459	0.00144482821423	0.53495241813	265.447711723	-47179.5011436
.00050000000000000000	.00550000000000000000	.00200000000000000000	.40000000000000000000	500.00000000000000000000	0.00061211640645	0.00527649067564	0.00229502685521	0.30318283409	936.937981844	-45045.4888584
.00050000000000000000	.00550000000000000000	.00200000000000000000	.40000000000000000000	500.00000000000000000000	0.00040557285082	0.00553500738466	0.0020449471189	0.306315079152	380.729341157	-47240.7880497
.00050000000000000000	.00550000000000000000	.00200000000000000000	.40000000000000000000	500.00000000000000000000	0.000583670976831	0.00126852812506	0.00419584751767	0.269903905034	373378.312345	-45161.6146485
.00050000000000000000	.00550000000000000000	.00200000000000000000	.40000000000000000000	500.00000000000000000000	0.000603879916064	0.00491439863368	0.0014897334698	0.53410381527	352.511402088	-45118.9436271
.00050000000000000000	.00550000000000000000	.00200000000000000000	.40000000000000000000	500.00000000000000000000	5.03607287857e-09	0.00101072420741	0.00395847357173	0.329829309929	1.5280307187	-43575.2060438
.00050000000000000000	.00550000000000000000	.00200000000000000000	.40000000000000000000	500.00000000000000000000	0.000584965420043	0.000828743379139	0.00420305625736	0.250025288352	142524.692742	-43724.4739236
.00050000000000000000	.00550000000000000000	.00200000000000000000	.40000000000000000000	500.00000000000000000000	0.00029943529901	0.00133878449785	0.00410898830973	0.187883587702	423.146671197	-45857.923656
.00050000000000000000	.00550000000000000000	.00200000000000000000	.40000000000000000000	500.00000000000000000000	0.00033460545851	0.000688384014813	0.00470051712991	0.273877942365	319.695325324	-47637.4952129
.00050000000000000000	.00550000000000000000	.00200000000000000000	.40000000000000000000	500.00000000000000000000	0.000233936574163	0.000821590519248	0.00426199972897	0.268211147127	87.5724163834	-45150.4350244
.00050000000000000000	.00550000000000000000	.00200000000000000000	.40000000000000000000	500.00000000000000000000	0.000898503391735	3.10818701032e-08	0.00418158721246	0.295595096175	281.934594848	-43320.0285848
.00050000000000000000	.00550000000000000000	.00200000000000000000	.40000000000000000000	500.00000000000000000000	0.000733972643627	0.000256729431591	0.00467165570358	0.243641988613	172.031832718	-47683.5231116
.00050000000000000000	.00550000000000000000	.00200000000000000000	.40000000000000000000	500.00000000000000000000	0.00066314333235	1.1723738829e-08	0.00443183113912	0.335694070706	1463.18170315	-43009.6269142
.00050000000000000000	.00550000000000000000	.00200000000000000000	.40000000000000000000	500.00000000000000000000	0.000938762317281	4.59220791289e-08	0.0041570205174	0.340967908081	447.970398096	-43525.3709875
.00050000000000000000	.00550000000000000000	.00200000000000000000	.40000000000000000000	500.00000000000000000000	0.000493456610666	0.00322367609113	0.00298919262079	0.254169334397	1040.92454889	-45324.6668428
