sim.isolation.period sim.migration.period sim.theta sim.rho sim.mig mle.isolation.period mle.migration.period mle.theta mle.rho mle.mig logL
.00050000000000000000	.00550000000000000000	.00200000000000000000	.40000000000000000000	250.00000000000000000000	0.000509275629509	0.00522967287352	0.00207751657445	0.391462363827	229.237743192	-55040.9276933
.00050000000000000000	.00550000000000000000	.00200000000000000000	.40000000000000000000	250.00000000000000000000	0.000436991203307	0.00578494060957	0.00168350042831	0.508209495692	228.775423445	-51760.3433538
.00050000000000000000	.00550000000000000000	.00200000000000000000	.40000000000000000000	250.00000000000000000000	0.000569553696093	0.00520345958565	0.00229478163392	0.243515372523	188.482023766	-59228.0961713
.00050000000000000000	.00550000000000000000	.00200000000000000000	.40000000000000000000	250.00000000000000000000	0.000866041515086	0.00500661770598	0.00179407007717	0.375096382015	214.955705818	-56939.8547201
.00050000000000000000	.00550000000000000000	.00200000000000000000	.40000000000000000000	250.00000000000000000000	0.000404384596066	0.00495547079357	0.00248645491217	0.264434093584	293.367595084	-53004.953198
.00050000000000000000	.00550000000000000000	.00200000000000000000	.40000000000000000000	250.00000000000000000000	0.000588558347812	0.00523914671054	0.00194823287822	0.391002335174	256.585471119	-52749.9355598
.00050000000000000000	.00550000000000000000	.00200000000000000000	.40000000000000000000	250.00000000000000000000	0.000610057064205	0.00412117968481	0.00269594792869	0.254786204249	421.1076933	-52067.2829667
.00050000000000000000	.00550000000000000000	.00200000000000000000	.40000000000000000000	250.00000000000000000000	0.000385363400188	0.0046346932279	0.00256950132904	0.303168618577	201.410240914	-56596.6963077
.00050000000000000000	.00550000000000000000	.00200000000000000000	.40000000000000000000	250.00000000000000000000	0.000505551117693	0.00502845213003	0.00181737036993	0.401945445386	252.973775366	-50901.7969397
.00050000000000000000	.00550000000000000000	.00200000000000000000	.40000000000000000000	250.00000000000000000000	0.000431088403895	0.00464045158145	0.00281993078561	0.221710482759	239.993266269	-56602.521426
.00050000000000000000	.00550000000000000000	.00200000000000000000	.40000000000000000000	250.00000000000000000000	0.000518820005499	0.00557086788205	0.00190097317982	0.286977279767	195.103097407	-56437.2263135
.00050000000000000000	.00550000000000000000	.00200000000000000000	.40000000000000000000	250.00000000000000000000	0.000665542785645	0.0047144232326	0.00236973437698	0.237243809457	370.334144858	-51903.4850605
.00050000000000000000	.00550000000000000000	.00200000000000000000	.40000000000000000000	250.00000000000000000000	0.000779685849256	0.00589253541809	0.000777972038619	0.858153511453	148.968828611	-55535.2259687
.00050000000000000000	.00550000000000000000	.00200000000000000000	.40000000000000000000	250.00000000000000000000	0.000696783245382	0.00501267738592	0.00211599887623	0.259012853543	357.94148353	-51523.9707465
.00050000000000000000	.00550000000000000000	.00200000000000000000	.40000000000000000000	250.00000000000000000000	0.000471212317298	0.00537213214002	0.00196569861891	0.260397408362	298.638505207	-50785.4613229
.00050000000000000000	.00550000000000000000	.00200000000000000000	.40000000000000000000	250.00000000000000000000	0.000484831454785	0.0056033353094	0.00200044707936	0.309738453076	228.315083614	-54953.4165452
.00050000000000000000	.00550000000000000000	.00200000000000000000	.40000000000000000000	250.00000000000000000000	0.00056579158385	0.00520622447749	0.00196650207541	0.33215718221	320.492957106	-49985.316041
.00050000000000000000	.00550000000000000000	.00200000000000000000	.40000000000000000000	250.00000000000000000000	0.000773828636097	0.00479466650745	0.00175079835765	0.325568733299	273.95976216	-52236.9413186
.00050000000000000000	.00550000000000000000	.00200000000000000000	.40000000000000000000	250.00000000000000000000	0.00086402729345	0.00431608620439	0.00289301004738	0.203567765692	827.778523796	-54271.5883797
.00050000000000000000	.00550000000000000000	.00200000000000000000	.40000000000000000000	250.00000000000000000000	0.000432363536141	0.00532986330855	0.00206491840407	0.341668603857	297.65756156	-50130.3974338
.00050000000000000000	.00550000000000000000	.00200000000000000000	.40000000000000000000	250.00000000000000000000	0.000917017071411	6.15368589817e-05	0.00546583438224	0.182965191993	212.985796585	-53765.0738801
.00050000000000000000	.00550000000000000000	.00200000000000000000	.40000000000000000000	250.00000000000000000000	0.000154471155015	0.00499808968453	0.00277481961776	0.283362497042	202.415342749	-56463.1835567
.00050000000000000000	.00550000000000000000	.00200000000000000000	.40000000000000000000	250.00000000000000000000	0.00076658212819	0.00597256288875	0.00159332816085	0.383281046994	247.357010765	-53811.657479
.00050000000000000000	.00550000000000000000	.00200000000000000000	.40000000000000000000	250.00000000000000000000	0.000719469610338	0.00540456233486	0.00158590711006	0.412387889444	193.349689282	-55630.092128
.00050000000000000000	.00550000000000000000	.00200000000000000000	.40000000000000000000	250.00000000000000000000	0.000696090465886	0.0038780481514	0.00273884719418	0.222211699843	321.096379799	-54559.5457907
.00050000000000000000	.00550000000000000000	.00200000000000000000	.40000000000000000000	250.00000000000000000000	0.000689579886717	0.0049623746163	0.00183000698576	0.35210634933	232.643315719	-54046.522267
.00050000000000000000	.00550000000000000000	.00200000000000000000	.40000000000000000000	250.00000000000000000000	0.000796550056908	0.00533538256494	0.00118150536911	0.487555572845	210.253152343	-51830.8517871
.00050000000000000000	.00550000000000000000	.00200000000000000000	.40000000000000000000	250.00000000000000000000	0.000873587859502	0.00569547432888	0.00178074602906	0.350726429395	274.049705946	-54879.498021
.00050000000000000000	.00550000000000000000	.00200000000000000000	.40000000000000000000	250.00000000000000000000	0.000663711094213	0.00381138927059	0.00259366712439	0.229373630866	350.019566732	-52895.2569654
.00050000000000000000	.00550000000000000000	.00200000000000000000	.40000000000000000000	250.00000000000000000000	0.000784513464886	0.00573806282749	0.00145764913824	0.455780799786	267.655019123	-51739.0156007
.00050000000000000000	.00550000000000000000	.00200000000000000000	.40000000000000000000	250.00000000000000000000	0.00107607842902	2.24421221415e-08	0.00439492376481	0.200096606934	578.26636593	-50004.1316127
.00050000000000000000	.00550000000000000000	.00200000000000000000	.40000000000000000000	250.00000000000000000000	0.00104134752188	0.00567155691509	0.000643289078276	0.98695718126	186.999574071	-52761.3751311
.00050000000000000000	.00550000000000000000	.00200000000000000000	.40000000000000000000	250.00000000000000000000	0.00047342996276	0.00602678950141	0.000905194236391	0.78350008886	168.711324265	-50502.4928962
.00050000000000000000	.00550000000000000000	.00200000000000000000	.40000000000000000000	250.00000000000000000000	0.000978099166115	0.00452363173919	0.00249779295472	0.252223546984	499.995269644	-53994.6583724
.00050000000000000000	.00550000000000000000	.00200000000000000000	.40000000000000000000	250.00000000000000000000	0.000430250335581	0.00569720235285	0.00196980687549	0.34794619108	312.059952341	-49768.8684382
.00050000000000000000	.00550000000000000000	.00200000000000000000	.40000000000000000000	250.00000000000000000000	0.000489051194391	0.0063613189401	0.000719613273224	1.01586696473	160.955401382	-50763.5238875
.00050000000000000000	.00550000000000000000	.00200000000000000000	.40000000000000000000	250.00000000000000000000	0.000558846107317	0.00577727475266	0.00121566815569	0.588004810929	158.204721755	-55250.6139602
.00050000000000000000	.00550000000000000000	.00200000000000000000	.40000000000000000000	250.00000000000000000000	0.000590687176504	0.00527352471007	0.00204942866432	0.316564793201	330.57135094	-50654.8051534
.00050000000000000000	.00550000000000000000	.00200000000000000000	.40000000000000000000	250.00000000000000000000	0.00093745137937	0.00528323464817	0.00186821279644	0.317280604274	298.038472856	-54671.3073344
.00050000000000000000	.00550000000000000000	.00200000000000000000	.40000000000000000000	250.00000000000000000000	0.000476898051591	0.00571651356674	0.00213555163479	0.353243125792	308.137115835	-51585.4408625
.00050000000000000000	.00550000000000000000	.00200000000000000000	.40000000000000000000	250.00000000000000000000	0.00107153736082	9.19191429789e-09	0.00490106219019	0.181262639948	439.841593407	-53956.2932156
.00050000000000000000	.00550000000000000000	.00200000000000000000	.40000000000000000000	250.00000000000000000000	0.00102554595706	2.10810926447e-08	0.0048257666667	0.183638755593	638.208842969	-54024.9738411
.00050000000000000000	.00550000000000000000	.00200000000000000000	.40000000000000000000	250.00000000000000000000	0.00106890778996	6.62624949767e-08	0.00512627245356	0.184563776623	536.0070113	-52822.2919144
.00050000000000000000	.00550000000000000000	.00200000000000000000	.40000000000000000000	250.00000000000000000000	0.000542495036123	0.00549017876499	0.00192842875292	0.280905180199	217.634485238	-54619.2189663
.00050000000000000000	.00550000000000000000	.00200000000000000000	.40000000000000000000	250.00000000000000000000	0.000563495270687	0.00393440796909	0.00289545168762	0.192855677665	243.341116891	-55849.8166491
.00050000000000000000	.00550000000000000000	.00200000000000000000	.40000000000000000000	250.00000000000000000000	0.00071872483479	0.00589095759041	0.00190315759223	0.234815053688	334.020296373	-52265.6996734
.00050000000000000000	.00550000000000000000	.00200000000000000000	.40000000000000000000	250.00000000000000000000	0.000279523584519	0.00117319105144	0.00432133186942	0.182709473798	170.541263044	-50896.6174244
.00050000000000000000	.00550000000000000000	.00200000000000000000	.40000000000000000000	250.00000000000000000000	0.000540294025454	0.00535178626847	0.00184708320684	0.314392765945	333.034441992	-48313.6046215
.00050000000000000000	.00550000000000000000	.00200000000000000000	.40000000000000000000	250.00000000000000000000	0.000696992610508	0.00494666527964	0.00252473679283	0.222203093154	338.344751896	-54653.2407921
.00050000000000000000	.00550000000000000000	.00200000000000000000	.40000000000000000000	250.00000000000000000000	0.000953771122147	0.00440918786104	0.00276688858659	0.225310298938	1080.63817619	-51792.2854166
