sim.isolation.period sim.migration.period sim.theta sim.rho sim.mig mle.isolation.period mle.migration.period mle.theta mle.rho mle.mig logL
.00050000000000000000	.00050000000000000000	.00200000000000000000	.40000000000000000000	500.00000000000000000000	0.00065233231589	0.00030170453256	0.00208583742168	0.361786970803	7027.37767089	-27924.3163202
.00050000000000000000	.00050000000000000000	.00200000000000000000	.40000000000000000000	500.00000000000000000000	0.000622763976957	0.00161146601268	0.00142378742033	0.505533501933	132691.500933	-27751.5599225
.00050000000000000000	.00050000000000000000	.00200000000000000000	.40000000000000000000	500.00000000000000000000	0.000824708193168	0.000129069731393	0.00186197159962	0.267546873305	333469.852953	-27347.9451577
.00050000000000000000	.00050000000000000000	.00200000000000000000	.40000000000000000000	500.00000000000000000000	0.00048825338298	0.00104589624882	0.00140723196533	0.394071106699	397.446963575	-29215.7556136
.00050000000000000000	.00050000000000000000	.00200000000000000000	.40000000000000000000	500.00000000000000000000	0.000281170755904	0.000779637367049	0.00167212513314	0.383986882884	108.594284872	-28157.3662343
.00050000000000000000	.00050000000000000000	.00200000000000000000	.40000000000000000000	500.00000000000000000000	0.000412414616556	0.000528004258963	0.00244979191945	0.299639130988	359.32385374	-30728.9132101
.00050000000000000000	.00050000000000000000	.00200000000000000000	.40000000000000000000	500.00000000000000000000	0.000815959584885	0.000370045165029	0.00194197175552	0.312010378391	5131569.52762	-29341.498441
.00050000000000000000	.00050000000000000000	.00200000000000000000	.40000000000000000000	500.00000000000000000000	0.00081989629127	0.000277665400723	0.00198500189792	0.279338355876	9797257.3871	-28557.6189095
.00050000000000000000	.00050000000000000000	.00200000000000000000	.40000000000000000000	500.00000000000000000000	0.000756714849069	0.000473020040683	0.00199733970586	0.215881854273	2112695.83426	-29201.4362893
.00050000000000000000	.00050000000000000000	.00200000000000000000	.40000000000000000000	500.00000000000000000000	0.000830660241092	0.000136725993298	0.00216944935722	0.255869447259	256346.84544	-28833.6373377
.00050000000000000000	.00050000000000000000	.00200000000000000000	.40000000000000000000	500.00000000000000000000	0.000519845607341	0.000530133315735	0.00217170340293	0.304857207655	1422.71252427	-29150.3934473
.00050000000000000000	.00050000000000000000	.00200000000000000000	.40000000000000000000	500.00000000000000000000	0.000713189915272	0.000585897905177	0.00194785259374	0.368494629734	287713383.999	-29398.8870343
.00050000000000000000	.00050000000000000000	.00200000000000000000	.40000000000000000000	500.00000000000000000000	0.000657711942935	0.000362962672162	0.00218263135012	0.338165245814	32949.3425779	-28885.3757587
.00050000000000000000	.00050000000000000000	.00200000000000000000	.40000000000000000000	500.00000000000000000000	0.000608407364414	0.000448947994473	0.00217305217397	0.253142403823	617.527117089	-30994.6307481
.00050000000000000000	.00050000000000000000	.00200000000000000000	.40000000000000000000	500.00000000000000000000	0.000852707180587	0.000232826363094	0.00177838138187	0.331685558708	14081910.7084	-28015.0928529
.00050000000000000000	.00050000000000000000	.00200000000000000000	.40000000000000000000	500.00000000000000000000	0.000682709577485	0.00101284957926	0.00163690280944	0.467506054779	12795454.9226	-28632.7810234
.00050000000000000000	.00050000000000000000	.00200000000000000000	.40000000000000000000	500.00000000000000000000	0.000699179868912	0.000201878496	0.00216329553417	0.366751516489	19753.1434307	-28000.9197326
.00050000000000000000	.00050000000000000000	.00200000000000000000	.40000000000000000000	500.00000000000000000000	0.000813000613412	0.000646070091446	0.00174501721933	0.211870890507	47374068.6162	-29451.5584889
.00050000000000000000	.00050000000000000000	.00200000000000000000	.40000000000000000000	500.00000000000000000000	0.000772748764429	0.000370824034266	0.00197623075885	0.443051060241	2967512.26384	-29021.918004
.00050000000000000000	.00050000000000000000	.00200000000000000000	.40000000000000000000	500.00000000000000000000	1.01707063747e-12	0.000828460488266	0.00193965197902	0.57315984355	1.83176250527e-07	-27677.6346475
.00050000000000000000	.00050000000000000000	.00200000000000000000	.40000000000000000000	500.00000000000000000000	0.000728924439501	0.000237077268422	0.00235741317708	0.342010445934	655277.554372	-29943.0510749
.00050000000000000000	.00050000000000000000	.00200000000000000000	.40000000000000000000	500.00000000000000000000	0.000835853441757	0.000240710741043	0.00225191618025	0.266123543588	354669941.46	-30828.7099935
.00050000000000000000	.00050000000000000000	.00200000000000000000	.40000000000000000000	500.00000000000000000000	0.000740761560889	0.000307639354497	0.00197719898498	0.303649619834	867.931460696	-30001.1792123
.00050000000000000000	.00050000000000000000	.00200000000000000000	.40000000000000000000	500.00000000000000000000	3.71026756398e-05	0.000930738595925	0.00198415432784	0.47094666786	83.1966042433	-28954.4966095
.00050000000000000000	.00050000000000000000	.00200000000000000000	.40000000000000000000	500.00000000000000000000	0.00083574059131	0.000169727241106	0.00191100922476	0.426170288086	1412398.5112	-28504.8119623
.00050000000000000000	.00050000000000000000	.00200000000000000000	.40000000000000000000	500.00000000000000000000	0.000752651248355	0.00109041324312	0.00152897826302	0.324160563682	17118479.0167	-28803.0156203
.00050000000000000000	.00050000000000000000	.00200000000000000000	.40000000000000000000	500.00000000000000000000	0.000897508357461	5.67933371204e-08	0.0021088749868	0.274408109891	295.111774981	-29526.9855428
.00050000000000000000	.00050000000000000000	.00200000000000000000	.40000000000000000000	500.00000000000000000000	0.000811934573716	8.26585320815e-05	0.00202548756351	0.38920213691	375508.292815	-27823.0750086
.00050000000000000000	.00050000000000000000	.00200000000000000000	.40000000000000000000	500.00000000000000000000	0.000564681125992	0.000892030537196	0.00189419100716	0.356057753536	989077.968088	-28130.4625382
.00050000000000000000	.00050000000000000000	.00200000000000000000	.40000000000000000000	500.00000000000000000000	0.000779493886141	0.000167438593694	0.0020593423626	0.339300090762	145748.423568	-28569.5249983
.00050000000000000000	.00050000000000000000	.00200000000000000000	.40000000000000000000	500.00000000000000000000	0.000150534446671	0.00104716929505	0.00158318880976	0.562809249609	86.5057233641	-28913.1781051
.00050000000000000000	.00050000000000000000	.00200000000000000000	.40000000000000000000	500.00000000000000000000	0.000790534632279	0.00219716132917	0.0006957136684	0.57714311282	905.447263605	-29168.790518
.00050000000000000000	.00050000000000000000	.00200000000000000000	.40000000000000000000	500.00000000000000000000	0.000773081207143	0.000952132128427	0.00173948915935	0.348699526185	36324652.7723	-30346.1670564
.00050000000000000000	.00050000000000000000	.00200000000000000000	.40000000000000000000	500.00000000000000000000	0.000798747658057	0.000661446667703	0.00185362388928	0.327130050233	49887048.7506	-30037.0255758
.00050000000000000000	.00050000000000000000	.00200000000000000000	.40000000000000000000	500.00000000000000000000	0.000734108526553	0.000297525165297	0.00221929878634	0.400135104013	1120267.15311	-29681.2749435
.00050000000000000000	.00050000000000000000	.00200000000000000000	.40000000000000000000	500.00000000000000000000	0.000895699507831	0.000152920404456	0.00183058913444	0.261617498088	68631764.0146	-28104.4275398
.00050000000000000000	.00050000000000000000	.00200000000000000000	.40000000000000000000	500.00000000000000000000	0.000908545146886	0.000370854859955	0.00165513824239	0.373427697986	10634903.763	-28787.5787605
.00050000000000000000	.00050000000000000000	.00200000000000000000	.40000000000000000000	500.00000000000000000000	1.71006320309e-11	0.000907403816933	0.0020294082699	0.385821770439	63.4692548296	-28376.9988657
.00050000000000000000	.00050000000000000000	.00200000000000000000	.40000000000000000000	500.00000000000000000000	0.000655425840182	0.000339635065363	0.00228962876209	0.3307833243	3935.04612819	-30088.4883872
.00050000000000000000	.00050000000000000000	.00200000000000000000	.40000000000000000000	500.00000000000000000000	0.000144734068062	0.000723189384171	0.00222982371012	0.391361797886	84.1769404867	-29230.2994327
.00050000000000000000	.00050000000000000000	.00200000000000000000	.40000000000000000000	500.00000000000000000000	0.000627434285428	0.0011926917348	0.00174515899132	0.387396265199	162114852.774	-28966.9127939
.00050000000000000000	.00050000000000000000	.00200000000000000000	.40000000000000000000	500.00000000000000000000	0.000936286621723	8.46783300164e-05	0.00182799244427	0.309825448552	251503.729419	-28507.9736299
.00050000000000000000	.00050000000000000000	.00200000000000000000	.40000000000000000000	500.00000000000000000000	0.00077835414446	0.000472810557929	0.00192604987051	0.278071466006	47648306.124	-28973.9755759
.00050000000000000000	.00050000000000000000	.00200000000000000000	.40000000000000000000	500.00000000000000000000	0.000669117308195	0.000721014547347	0.00197256308006	0.342859603027	5836559.34431	-29329.4043534
.00050000000000000000	.00050000000000000000	.00200000000000000000	.40000000000000000000	500.00000000000000000000	0.000910536129912	9.6142079375e-09	0.00188274702119	0.367137299303	1022.85161926	-28399.7141105
.00050000000000000000	.00050000000000000000	.00200000000000000000	.40000000000000000000	500.00000000000000000000	0.000213361535101	0.000754398822264	0.0020155921727	0.358093843992	76.3232308656	-28957.724737
.00050000000000000000	.00050000000000000000	.00200000000000000000	.40000000000000000000	500.00000000000000000000	0.000596043248228	0.000284901330763	0.00188600241456	0.384305626362	7.5563691838e-06	-27900.747708
.00050000000000000000	.00050000000000000000	.00200000000000000000	.40000000000000000000	500.00000000000000000000	0.00074280399305	0.000281559171839	0.00191954101529	0.317635877198	7417.22351733	-27878.6104271
.00050000000000000000	.00050000000000000000	.00200000000000000000	.40000000000000000000	500.00000000000000000000	0.000651917145418	0.000114655920312	0.0022414658327	0.39435497693	41929.4999265	-27839.0678714
.00050000000000000000	.00050000000000000000	.00200000000000000000	.40000000000000000000	500.00000000000000000000	0.000759981659285	0.000119664938078	0.00231447991574	0.256447459599	29826.7475319	-29439.6659342
