isolation.period	migration.period	theta	rho	migration	posterior
0.00116902760247	0.00357545192205	0.00126470958833	0.360251103014	293.536172106	-49733.7680053
0.00100589966137	0.00350460397963	0.00155676632898	0.340755900443	290.714364183	-49732.3089096
0.000958160484177	0.00337205851484	0.00177132543064	0.375100322311	302.531644633	-49733.3332491
0.00111700316525	0.00277050933462	0.00246323770258	0.211049518601	404.557445394	-49735.3096237
0.00104982424536	0.00296416941108	0.00223787966221	0.283287400074	310.642976612	-49735.1689024
0.000733288187331	0.00328437135473	0.0017216008002	0.332825635718	194.307638416	-49734.7502698
0.00103065408296	0.00335741978972	0.00170759641056	0.289520640251	260.734026093	-49733.1837931
0.00115584340363	0.00325918385376	0.00179485994906	0.290424772714	513.099567064	-49734.2252502
0.00110047989233	0.00276088542533	0.00222130196544	0.20030681248	456.231753086	-49733.2908768
0.00100973345151	0.00322775242216	0.00209545710438	0.249747299456	473.445283975	-49732.8048537
0.000913813093254	0.00327111206319	0.00171658312815	0.252946345712	282.590618415	-49733.015598
0.000969087611622	0.00347366055577	0.0015020784768	0.323869920782	312.879150464	-49733.3608932
0.0012168003065	0.00408945125138	0.00110448818103	0.510170114627	281.593334874	-49734.8494953
0.00112575844861	0.00429805989482	0.000922753086425	0.569032474887	253.742511008	-49735.2780166
0.00122475760889	0.00405074473592	0.000972254028861	0.555971809007	294.134672052	-49735.405746
0.000983804243497	0.00254424865472	0.00248098727158	0.225905133303	277.311962311	-49735.4492739
0.000698107344937	0.00314065679523	0.00189711642426	0.231865313665	276.596654254	-49735.3497443
0.000659949927825	0.00241170821994	0.00246888572774	0.176448214995	239.839172914	-49737.2168342
0.00104335593939	0.00287090056663	0.00237603392166	0.190966766815	591.380748548	-49734.0930628
0.00102068008711	0.00323846021143	0.00242422496934	0.260837550643	514.29607247	-49735.451487
0.000666753775912	0.00288327918763	0.00216169365909	0.306430808465	256.327900088	-49735.4064934
0.00105943558237	0.00292334179092	0.00199327711241	0.278735181146	301.250510435	-49733.1909512
0.000866834514761	0.00332501366746	0.00183564328273	0.237449635956	307.964863252	-49733.0404451
0.000926695748158	0.00318950596375	0.0018457633853	0.240302639788	254.193675895	-49733.4537104
0.00103444297303	0.0027137198703	0.00227379763456	0.234775220168	376.632927846	-49732.9261998
0.00089000361982	0.00283718614003	0.00234100883061	0.279878099411	306.632637411	-49733.6399911
0.000932004873401	0.00351921641894	0.00205877512248	0.301323523076	302.881740166	-49734.7986352
0.00110281737439	0.00281710762837	0.00223701463157	0.270837549402	558.011454604	-49734.2163605
0.000997204259552	0.00346031879293	0.00193496590644	0.309249379844	397.692376156	-49732.9789382
0.00114446588687	0.00331843598093	0.00177531961935	0.282813460951	355.588329555	-49732.5967391
0.00084075746856	0.00313507540936	0.00188142685869	0.22133655429	353.207218167	-49734.640609
0.00101236688857	0.00229188366231	0.00227001781821	0.272814344579	287.70704563	-49736.3017168
0.00119392414978	0.00291190408793	0.00215450100798	0.236783889116	564.130211574	-49733.5538678
0.00109969563704	0.00341603217777	0.00210432360121	0.253762345017	628.165239667	-49734.6131739
0.00112822659013	0.00174961970434	0.00307686146072	0.175238641618	892.592785023	-49740.0630854
0.00109701766507	0.00234101588924	0.00262415113564	0.181196379184	799.266233158	-49736.5145504
0.00105358740216	0.00325445510528	0.00165597776945	0.288493041109	400.059656444	-49733.9354752
0.000951768399568	0.00269651294086	0.00252723825199	0.221554683364	503.780559642	-49733.9171381
0.000616155362574	0.00296581374383	0.00201224417472	0.394839765945	148.044886925	-49739.8608109
0.00090445653439	0.00264698906627	0.00236180753933	0.276294469599	263.88063935	-49734.5537501
0.000969443143317	0.0031509246407	0.00181359764885	0.27446915972	254.661514581	-49732.9528902
0.00105474265303	0.00307219933815	0.00170815786351	0.352286370641	252.346935579	-49734.3702192
0.000877106682276	0.00287053845339	0.00203184116143	0.254641093142	263.677025691	-49733.1362446
0.0011482302226	0.00363737482729	0.00140342837431	0.443500185768	284.561946293	-49734.2422309
0.00108243679071	0.00329607684987	0.00143187934354	0.273805135031	234.135710367	-49735.5895936
0.00101577087478	0.00321595000763	0.00169656183594	0.313647326474	354.27580626	-49733.2720468
0.00107830049341	0.00316853741749	0.00164592929365	0.216015215965	349.482025163	-49734.6141536
0.00115368901344	0.00311164223737	0.00217453411858	0.235334392773	479.102575625	-49733.4518035
0.00108954507597	0.00287092821873	0.00218936204925	0.216159980271	301.514814793	-49735.1161596
0.00107005053906	0.00303140309486	0.00194700153583	0.255795800975	399.098582635	-49732.3266022
0.000951234383523	0.00258981573087	0.00258063768246	0.181306305075	357.111066914	-49734.9676783
0.000875030055009	0.00290907304541	0.00242158714198	0.209132875402	282.351866641	-49734.9997731
0.00115596067505	0.00305661566868	0.00166199910644	0.323566806843	332.517494065	-49733.9207003
0.00112527056279	0.00378785083203	0.00112516819057	0.425537494215	276.562460749	-49734.0006736
0.00112783145525	0.00352404905791	0.00127060110551	0.5308108486	239.996455509	-49735.9660075
0.00101863276492	0.00337746032876	0.00119034252974	0.401523959682	274.096672149	-49737.4110083
0.00108529648098	0.00382678302062	0.00142487754085	0.366662866648	330.981558555	-49733.0869899
0.000968640241443	0.00347565458611	0.00152171034833	0.385965038201	211.927414549	-49734.3881111
0.000911238469909	0.00407592961513	0.00125697606741	0.55780541893	215.226429452	-49736.0205011
0.00104866401744	0.00378958219634	0.00132139376104	0.467309945268	230.757480711	-49734.465677
0.000901375696481	0.00368914697588	0.00155230755525	0.404993542158	301.225733916	-49734.0971456
0.000967325704057	0.00406002208344	0.0016050491024	0.38904129441	295.263354708	-49735.02357
0.000972459795836	0.00343745092955	0.00171722062296	0.265525036015	259.031890398	-49733.3612816
0.000921237449327	0.00279149271417	0.00199719937645	0.189089338811	320.68542136	-49735.1549993
0.00102037788594	0.00293783415632	0.00216228266252	0.236203258593	302.162682381	-49733.5572131
0.00086938763793	0.00306430722797	0.00221135244797	0.217250469887	333.548253028	-49732.9999055
0.000950151480161	0.00326523715115	0.00190998861711	0.240609325445	238.605069931	-49734.8819855
0.000972515655591	0.00296786900052	0.00219769597279	0.336487992027	385.315552643	-49734.7483417
0.000932170411278	0.00322956972197	0.00217549554084	0.336061173053	415.042942874	-49734.9365734
0.001109364396	0.00363243767992	0.00170139883905	0.240847935422	408.602199114	-49733.4563744
0.00110020121261	0.00339487220644	0.00188131409207	0.247502267672	506.757464108	-49733.2791265
0.000987320712182	0.00335449908789	0.00157542282513	0.294293072986	302.205421458	-49732.7778261
0.00104778289935	0.00288486781172	0.00187909049311	0.250797489677	268.594067623	-49733.8246216
0.000947555076228	0.00324714926656	0.00200587835578	0.272341103127	336.275709463	-49732.137765
0.00106122890982	0.00275167098949	0.00233964055173	0.235038968391	383.087907071	-49733.430481
0.00113404106235	0.00374159866973	0.00159167605221	0.284080830222	369.465526444	-49733.1617513
0.000984793879765	0.00355009281706	0.001640385204	0.349768278229	252.34997832	-49733.2546432
0.000988328407358	0.00315090410467	0.00211907303173	0.301782952439	324.103492773	-49733.4709689
0.00115216488789	0.00352228989788	0.00141359307579	0.40526313476	284.725850848	-49733.6741758
0.000838650968959	0.00351781172443	0.00173488893775	0.44684460325	311.894179013	-49737.0493361
0.00114675919878	0.00332472282279	0.00208682598419	0.282238250736	494.999346274	-49733.9843749
0.0010302469335	0.00267810197156	0.00236222312881	0.187925607425	422.510217672	-49733.720732
0.000880587815371	0.00234485496184	0.00236043831299	0.161176318432	313.206633933	-49737.142356
0.000922834092753	0.0026556958544	0.00230279851477	0.176175818012	302.580507971	-49735.0470247
0.00104559110476	0.00430527280731	0.00151969630379	0.485957499641	312.582934091	-49738.0849816
0.00103373950025	0.0037287717018	0.000826574643935	0.561162435538	204.648085035	-49737.7149431
0.00121068753719	0.00405158935383	0.000613289004458	0.863751843761	188.834509725	-49737.8123215
0.000861924543727	0.00379971672456	0.00120574613794	0.486190302712	209.381490364	-49734.7576824
0.000861654747191	0.00302410431681	0.00202151989536	0.278205723375	289.179464236	-49732.5834464
0.00114229158418	0.00290782715509	0.0021765422904	0.256876542304	597.911419326	-49733.9764087
0.00116079425177	0.00325560472908	0.00176882802576	0.262265168427	612.513064709	-49736.2283077
0.00101030713023	0.00290066235468	0.00188841157727	0.269190165902	346.676180559	-49733.1900935
0.00107471609498	0.00342240421801	0.00142964447129	0.310392452833	300.91297762	-49733.231054
0.000900065780611	0.00359627933532	0.00177471506009	0.263226886018	303.938001213	-49732.9437799
0.000815681895211	0.00364530266891	0.00155829859825	0.321169526876	256.182823503	-49733.4631437
0.00104824906109	0.00338324736706	0.00137950514511	0.398292960723	173.599190396	-49738.3637382
0.00102499915601	0.00327840257382	0.00160038688401	0.344571233111	265.491455294	-49732.8890968
0.00122965226319	0.00333694680527	0.00223321104861	0.258451660674	507.89271438	-49737.0114506
0.000872452067611	0.00403571921325	0.00169536681744	0.289580895013	304.049925123	-49735.1739596
0.000801258245612	0.00241103984324	0.00281592969495	0.219062400526	273.535398896	-49735.9978914
0.00121344216667	0.00209089597906	0.00247351299325	0.205754107828	615.043783724	-49737.0018748
0.000927933162937	0.00334225836833	0.00179594940256	0.211566243157	321.334223548	-49733.8562205
0.0010415813357	0.0028189592892	0.00259268013858	0.181145802583	345.647128547	-49737.8603095
0.000803415051441	0.00329599900448	0.00179309134599	0.316441534153	259.604583664	-49733.065207
0.00107711912261	0.00292233643155	0.00205202518835	0.266980646938	497.365665154	-49733.6352492
0.00101543866526	0.00307887751751	0.00205394726916	0.274932772687	363.858138041	-49732.2410666
0.000918461782179	0.00289711985212	0.00177377928923	0.362164066235	298.238510507	-49737.0939775
0.0011750705013	0.0038362719352	0.00142446919732	0.34052766271	293.221303197	-49734.2676705
0.00110094266065	0.00373410145404	0.00138621110984	0.348942697051	282.135562035	-49733.0393756
0.000511113613566	0.00311447328629	0.00201119261492	0.289069531948	196.370024297	-49736.6383781
0.000867500317463	0.00207527564348	0.00226406454267	0.223431332513	174.119705463	-49739.8282013
0.000920122283888	0.00338749144345	0.0017269316961	0.300770481694	301.788125975	-49732.2504517
0.000987600478611	0.00337292165166	0.0017262052175	0.372110707855	340.636144071	-49733.6997765
0.00102657427227	0.00400699741849	0.00139039328945	0.412738184144	292.493505307	-49733.6338286
0.000725226232732	0.00282388642861	0.00218877382996	0.333198412249	231.827462535	-49735.4362707
0.000781683027272	0.00269521963063	0.00274893277901	0.203743915816	476.727392108	-49736.0414126
0.000955700445386	0.00355674202264	0.00172443933277	0.303207101384	300.724848085	-49732.2905197
0.000978027256103	0.00367215456013	0.00134606869855	0.273800893185	284.282516411	-49735.0858693
0.000942379363063	0.00358634139239	0.00175331005407	0.278672244243	361.54772576	-49732.7963484
0.00117501439846	0.00326562909668	0.00149778549357	0.325655411659	377.244698755	-49734.4266319
0.00117597501416	0.00290678737795	0.00208787363114	0.187231503789	723.236982133	-49735.5678216
0.00120803197415	0.0028644081847	0.00224529064752	0.189476360379	504.199813064	-49734.614341
0.0010670992711	0.0037563409574	0.00138133537549	0.34575625714	317.973274477	-49733.0432884
0.000972342412808	0.00367493122778	0.00134409012987	0.350028173788	245.597966456	-49733.3224776
0.000594113170719	0.00246480892456	0.00247853965247	0.286333681282	213.350067584	-49737.0805434
0.00101427409677	0.00375656291277	0.00171115013573	0.317431886372	373.958248243	-49733.1099582
0.00133527465516	0.00288433937593	0.00181005337561	0.264186463378	460.112879818	-49735.6232039
0.00102374895291	0.002987742467	0.00202071115721	0.23465249462	310.640453979	-49732.7868951
0.000996774978168	0.00262199708675	0.00218932336873	0.302113112937	368.713634597	-49734.820431
0.00113905351156	0.00339157162494	0.0019651371014	0.203255092482	490.981196459	-49733.9764272
0.000901113223508	0.00323779582426	0.00194708903871	0.351414932132	356.880222311	-49734.3208293
0.000912067764454	0.00394719092824	0.000838320902784	0.623926924123	179.526257544	-49737.4266979
0.00113605403202	0.0039781592902	0.0009459596775	0.601858650016	196.025931255	-49736.6133662
0.00113195496661	0.00401437754354	0.000580613285071	0.948541360171	197.924593958	-49737.5559803
0.000978719177801	0.00365390448465	0.0012203456094	0.564813422966	199.322086171	-49735.8931919
0.000867890699772	0.00380184216508	0.00136212135999	0.298883266428	269.372140269	-49735.0950924
0.000905115425986	0.00414029530308	0.00119642508786	0.492861924386	216.46825671	-49735.2934935
0.000915259917335	0.0035095971298	0.00151977745534	0.356369892847	244.756307313	-49732.8405359
0.000906315874243	0.00311933158266	0.00185288635668	0.256186686595	249.752248627	-49733.1140291
0.00115809842802	0.00304664609839	0.00183932583792	0.262287833284	397.388724596	-49732.8103411
0.000960983135568	0.00307836984561	0.00233532958287	0.234069006302	391.670669993	-49733.3383453
0.00100618527219	0.00224520813952	0.00306490360963	0.231285799615	548.994749729	-49738.2237153
0.00117556026973	0.00320064605921	0.00207807025453	0.261969258565	485.449322303	-49733.4981365
0.00091719676177	0.00299415105344	0.0022026486255	0.230758837657	317.617363943	-49732.7535554
0.000830783469736	0.00251594469034	0.00226888255559	0.279430841069	256.604394715	-49734.9726962
0.000831431165849	0.00397514475612	0.00163166430702	0.305441970061	224.01613539	-49736.9750195
0.00101417675929	0.00276021336092	0.0019071987778	0.255911634364	345.121170565	-49734.1510737
0.000950692934943	0.00356632802365	0.00176982699227	0.303007126809	275.373905607	-49733.0072883
0.00101448749606	0.0029372861956	0.00229724385816	0.266691800533	454.51729711	-49733.2181909
0.00109837246506	0.00354144266583	0.00177805656472	0.240503842287	443.903960834	-49733.2096707
0.000928252902329	0.00338922855811	0.002028542613	0.223957422564	442.295988027	-49733.5473433
0.00103318554824	0.00318593008335	0.00202783890754	0.284985751216	521.643690842	-49734.1503808
0.000992867991899	0.00277121177575	0.00214199757203	0.273861848571	311.452933751	-49733.1364229
0.00107247014322	0.00261059388646	0.00256216818462	0.22867258922	568.371815361	-49734.4035496
0.00114956538366	0.003189454875	0.00201782808016	0.231875883312	624.261815295	-49733.9978095
0.00112896628258	0.00326232770135	0.00167697815424	0.280791314865	374.299595193	-49732.6331545
0.000863169173501	0.0035499802992	0.00157616689899	0.36926296488	331.115502778	-49735.7684798
0.00096454226379	0.00308244700716	0.00200036324285	0.294966315327	314.664338449	-49732.3917642
0.000789159605004	0.00285555663506	0.00197400812583	0.370896043987	259.449464039	-49737.0286619
0.000586778343169	0.00355953492262	0.00159010381453	0.28095863053	188.92751827	-49737.4005314
0.000833816914167	0.0038220935489	0.0014303061767	0.579445470583	233.111019608	-49737.5983263
0.0010861309737	0.00368666173029	0.00117444168529	0.502851630714	234.093522501	-49734.2190274
0.00101883571241	0.00355571325832	0.00174142242096	0.260110544653	361.209970815	-49732.5351576
0.000863483973948	0.00280934799073	0.00208734494744	0.277841923763	268.316329956	-49733.3650938
0.000885226434482	0.00283756429178	0.00258324237659	0.252765512009	422.467120059	-49734.540585
0.00105645880414	0.00300751717784	0.00208672847105	0.191193157117	376.374810485	-49733.6554323
0.000882479779346	0.00257213161957	0.0025562861571	0.27851464402	411.084897894	-49735.0692956
0.00105471138166	0.00289689582909	0.0022970908407	0.235535889084	546.65793607	-49733.3101657
0.000990918428054	0.00414964958768	0.00157376283354	0.252677718209	425.406463993	-49736.836097
0.0013071857095	0.0037213173408	0.0014162243719	0.347229848443	366.739309251	-49734.8379787
0.00126002510783	0.00264005160659	0.00197369900667	0.268459146572	369.980868196	-49736.0388567
0.000807817340345	0.00290062594298	0.00271173496344	0.291266336822	484.074435017	-49737.8736689
0.000922760573339	0.00292068674093	0.00202909949838	0.277510166776	277.300096491	-49732.7856391
0.000907151060955	0.00327614996466	0.00187632239306	0.297773145325	279.077748667	-49732.3083
0.000699742746413	0.00244100696452	0.00273381082682	0.213831614927	322.813093215	-49735.5324401
0.00130731624084	0.00340055601735	0.00159041004386	0.248313811453	469.522980276	-49734.8979108
0.000821045187789	0.00348627041523	0.00156480254091	0.396311456758	261.511395681	-49734.4801727
0.000755303335307	0.00381573563447	0.00163525508865	0.271290316619	221.841201784	-49736.1937424
0.00120626320283	0.00324026663271	0.00171147360619	0.27636084009	396.161006949	-49733.0465971
0.0011824601368	0.00283786763914	0.00191675112312	0.243989585731	420.605799882	-49733.5780919
0.00101749259452	0.00349039612969	0.0016060846853	0.331929454918	339.272785193	-49732.6377573
0.00105822269565	0.00366467187147	0.00169475467816	0.348912738545	319.515462926	-49733.199517
0.000822511771116	0.00363511877325	0.00164242482375	0.409912374852	215.151634444	-49734.8993321
0.000918814250556	0.00369589481596	0.00188721946386	0.2827691373	336.227081469	-49733.4329354
0.0011661368445	0.00357990336134	0.00129671688799	0.36043980178	276.212011427	-49733.6596408
0.00098613921065	0.00258075133761	0.00253284696851	0.198542861904	604.817094605	-49734.8349957
0.000997771499753	0.0023905429816	0.0021825213525	0.193225276735	368.758632207	-49735.934549
0.00105232251012	0.00320443497237	0.00195228703417	0.225944119977	398.503825218	-49732.4319738
0.000929811402064	0.00309069945586	0.00233507920313	0.255411689033	573.682375001	-49735.0489186
0.000898213874172	0.00300940725799	0.00227349953733	0.259757701613	396.379927547	-49732.9457044
0.00117031172721	0.0031546264619	0.00214932595377	0.19977300269	611.852105121	-49734.1387026
0.0009886110769	0.00291868308192	0.00209315691111	0.196695767014	414.907305946	-49733.4170632
0.000762477881363	0.00329486750566	0.00190503340522	0.291188598247	248.017401973	-49733.1669736
0.00104557681014	0.00282489451819	0.00238804133392	0.212663868677	477.662427445	-49733.2532902
0.0012322177768	0.00289322368328	0.00242190597352	0.215193355269	595.230866531	-49735.7604799
0.00105806224796	0.00333945824079	0.00184089265368	0.260925995432	443.26014273	-49732.740122
0.00110050076841	0.00298303707831	0.00174589421469	0.267242198593	346.330740981	-49733.3222667
0.000989287492897	0.00363836959297	0.00182235007874	0.324190213752	299.799623605	-49733.6736174
0.00115287531459	0.0041268671274	0.00122682686066	0.459632948062	243.090359437	-49736.386943
0.00114338705876	0.00389560323372	0.00117668032475	0.381577569316	351.584197214	-49735.5786049
0.00103655042492	0.00393724809899	0.00129073745289	0.369577529296	248.706967888	-49734.0345672
0.000747410007223	0.00316429835955	0.00216702511383	0.324190644055	392.705154599	-49736.9483964
0.00124999161203	0.00332745342308	0.00166939362146	0.398699535098	480.312140232	-49737.8745935
0.00126924848431	0.00289790854216	0.00161207848844	0.273899495635	387.116177491	-49735.9338545
0.000909798465367	0.00259703565349	0.00231844963738	0.236440013599	295.180006838	-49733.4914487
0.00102416717655	0.00325033367619	0.0018122943222	0.336367096081	326.027672521	-49732.6985565
0.001010290012	0.002745117969	0.00195341053806	0.267062914652	309.807672598	-49733.6792152
0.000964716656215	0.00327779512114	0.00182667875389	0.265647097593	302.427678018	-49732.1130116
0.000691557120533	0.00313109642543	0.00259241134641	0.240812336047	307.493654188	-49736.6310681
0.000976723046382	0.00278018464409	0.00197133257508	0.266616594477	385.385078537	-49734.5629253
0.000580912417235	0.00357177804754	0.00201053384	0.254598861865	322.89985981	-49737.232038
0.00120625546982	0.00301546564064	0.00182317017777	0.244877408304	502.248280533	-49734.0343946
0.0012278866415	0.00324473289483	0.00166331904107	0.244127128118	403.827691835	-49733.7242131
0.00113872625379	0.0031738814759	0.00184968751722	0.279844402486	319.261950655	-49733.2990063
0.00105693413657	0.0027805062984	0.00247095608028	0.248275721785	562.027721635	-49734.2242904
0.0010366015363	0.00223971004253	0.00224684065551	0.273954844569	324.191161828	-49737.0224106
0.00116723922508	0.00348626140081	0.00164768146151	0.286071064892	351.198733877	-49732.8616317
0.00122099842762	0.0039633597028	0.00124908898748	0.322927832581	360.722767462	-49735.0867096
0.000935639135352	0.00326895258449	0.00200891926531	0.228403081295	396.618215492	-49732.7279695
0.00100222461693	0.00284901192647	0.00238224196187	0.20765850653	513.112879753	-49733.4064215
0.000803184779807	0.00315720132514	0.00212376888196	0.240669706879	294.926450564	-49732.9662568
0.00071704002448	0.00372131822462	0.00150196662007	0.367381966372	264.622039886	-49736.0435925
0.00121553383579	0.00314922997521	0.00195931508362	0.186870183747	416.496097759	-49735.3160793
0.000890704475885	0.00346090997587	0.00147635119393	0.296716541	298.473978207	-49734.7856129
0.000813293738378	0.00393502874646	0.0017673292741	0.211359322959	246.047916171	-49739.5412116
0.00116326871038	0.00396167634515	0.000675583284584	0.74527194099	227.799294015	-49737.1687688
0.00108344409353	0.00381837528222	0.000860175455203	0.693497407253	223.31558763	-49736.1920409
0.00118001136673	0.00346845601492	0.00136900624383	0.477993654815	315.75758829	-49736.0617287
0.000713099263167	0.00281478787678	0.00245267448091	0.24210204839	255.884443739	-49734.3848684
0.00116501271651	0.00345743778639	0.00181350194221	0.244099708181	502.125463401	-49733.428759
0.000978880225557	0.00385473680668	0.00163897582575	0.260509262032	350.987077222	-49733.936541
0.00101183285725	0.00329560941302	0.00189880525728	0.263341314763	429.448180957	-49732.6457138
0.000880695732458	0.00302377351571	0.00224332556291	0.203891467552	308.060094482	-49733.7393344
0.00117847302514	0.00226729440571	0.00266558697279	0.208585048392	439.877280821	-49736.9123473
0.000922954002504	0.00264745775694	0.00241266061668	0.22545331008	535.83814699	-49734.9412218
0.000816125634685	0.00245658907413	0.00246945696951	0.219363792806	262.516830737	-49734.4667766
0.00113627485786	0.00282119668183	0.00188908315138	0.239264973932	440.124513199	-49734.0756656
0.00112431730052	0.00265407384018	0.00207415343855	0.235105792248	549.048321856	-49735.1342327
0.000918574463993	0.00309418356361	0.00228072123821	0.226714087455	565.432312673	-49734.7544507
0.000828484191597	0.00274189393057	0.00247584505996	0.253142460148	380.929591422	-49733.924614
0.000961428559034	0.00412085297263	0.0011602398059	0.575373167131	212.013001287	-49735.8247953
0.00102270587154	0.00251034609548	0.00255140008546	0.237746701646	478.550017182	-49734.1601132
0.00101682756804	0.00338407675966	0.00166359767085	0.219305986894	354.042743875	-49734.0524676
0.00118075912711	0.00348646036152	0.00163215168778	0.26548239654	420.620938946	-49733.2034788
0.00110674477683	0.00369668381177	0.00192936001321	0.221213348291	524.264512485	-49734.7597132
0.00104867174056	0.0033362892428	0.0022166533796	0.225149758149	553.23385031	-49734.025115
0.000921438094438	0.00261186944755	0.00239312358463	0.246359040455	339.529074725	-49733.3382103
0.00111779188884	0.00308515007769	0.00199592539326	0.241289716438	430.021868931	-49732.4179421
0.000871140965608	0.0024777388781	0.00250018593586	0.229135029917	258.841913006	-49734.6646467
0.00102923279118	0.00372407342036	0.00151613296837	0.377744357976	302.071120558	-49732.7764958
0.00100395162775	0.00285351626586	0.00191282361056	0.286672743844	400.565934847	-49734.8803037
0.00104396814575	0.00293209582031	0.00224109448321	0.224499547275	430.771750151	-49732.6460651
0.00110589775124	0.00362188939378	0.00134985074286	0.427550051866	227.792760817	-49734.8867444
0.000556401968762	0.00320803888145	0.00179174771019	0.37326567596	168.988101583	-49737.9943398
0.00108996102914	0.00408861653522	0.00104944201362	0.520817473813	244.680452182	-49734.3003605
0.000936469407948	0.00412228798947	0.00117797763371	0.465893935345	273.642100014	-49735.2056019
0.000681232284401	0.00366326911311	0.00169360904813	0.285292999721	252.539508674	-49734.9556847
0.000664385609484	0.00261360803116	0.00269012438264	0.200882787066	273.004155823	-49735.6579684
0.000847729671104	0.00301674613105	0.00200089313869	0.263688922637	317.751275979	-49732.9751415
0.00110763640474	0.00327374200911	0.0018195909486	0.323195817764	295.622241345	-49733.8951191
0.0010383328241	0.00323045796551	0.00162718122986	0.290615222836	310.361945509	-49732.6832928
0.00108518962994	0.00372403526408	0.00152115822812	0.27425459701	303.955253166	-49733.6812482
0.00137447699265	0.00315057280403	0.00145751369324	0.324790145438	271.775958247	-49739.5087631
0.000913510295252	0.0028279031423	0.00203833583573	0.293484359218	303.891134752	-49733.4478549
0.00103879274408	0.00313892923776	0.0020316571598	0.299052258531	310.819026742	-49733.4755732
0.00109891630003	0.00292371835516	0.00227938604069	0.306289411196	379.249462592	-49735.6707754
0.000827412918706	0.00356697601553	0.00182462988193	0.34861939911	276.482651292	-49733.484307
0.000849878818438	0.0031239115702	0.00213225569292	0.192290217584	437.092829376	-49734.8239159
0.00105686980405	0.00327502341173	0.00176989436618	0.281585543936	383.214586987	-49732.355334
0.000876305955035	0.00301020705727	0.00186650969913	0.318739418733	299.034566887	-49734.0338652
0.00106493421275	0.00365262977661	0.00151076648946	0.424297463653	318.065874256	-49733.8313766
0.000880736292959	0.00301745739765	0.00236578250209	0.180137949631	343.753220352	-49734.9141154
0.000925347204422	0.00377485879683	0.00157147760833	0.352256715447	257.928333675	-49733.268105
0.00106511836976	0.00291459125735	0.00188076773489	0.237479050035	323.085072283	-49733.0916592
0.000930797902708	0.00387855627716	0.00151861355822	0.340820239454	337.83913788	-49734.0984008
0.00106432069378	0.00411505908797	0.000968765278224	0.733237886813	261.546390189	-49737.3205205
0.00130864147044	0.00292070210064	0.00173103310156	0.306124071842	444.723420444	-49736.165558
0.00129838647739	0.00300889231684	0.0020165089088	0.171287648151	956.381063683	-49738.2334641
0.00114044736883	0.0031282400236	0.00204828296583	0.228808254651	467.279439362	-49732.7806737
0.000974440666638	0.00276801323619	0.00213204907379	0.214520901365	325.900017277	-49733.1330012
0.000814935422374	0.00294085941038	0.00236721244448	0.223125016419	258.900166907	-49734.6503411
0.00117701980324	0.00353442957327	0.0018606500795	0.207681123142	376.251728119	-49735.7290156
0.00114541019386	0.00310376561556	0.00176731783371	0.232256692422	390.839235906	-49733.21432
0.000852165648934	0.00312431907224	0.00216705263244	0.268716548235	302.207087688	-49732.8043137
0.000830068160917	0.00335451794025	0.00161604327654	0.289499659145	219.271861949	-49733.9974845
0.00114194714588	0.00385591344152	0.000914872829348	0.647829560598	220.129130077	-49735.2697507
0.00104114470551	0.00391530156751	0.00116614651731	0.595475290327	242.714658104	-49735.1548217
0.000744384446629	0.00324631691915	0.00178205726885	0.25813414087	282.94820592	-49734.7975338
0.000831499953964	0.00242947393452	0.00262259261175	0.266777187732	309.361252365	-49735.0074664
0.000851993201943	0.00244552768737	0.00243040879842	0.183134846438	294.154863488	-49735.162784
0.0010934763173	0.00365749687083	0.0018645176442	0.28470585547	462.866155534	-49733.5559031
0.000947154421695	0.00287963833128	0.00211559040575	0.283612186897	325.389554434	-49732.7673523
0.000897132143014	0.00298618193897	0.00223811019523	0.223739892379	386.333565203	-49732.7638675
0.000913252404398	0.0024093202432	0.0025267827382	0.200623232273	398.267552963	-49734.3398691
0.00114705574118	0.00263727543325	0.00207367880386	0.229271302616	453.24468449	-49734.0089872
0.000709445514064	0.0031015178012	0.00185166817869	0.32835881774	197.277473025	-49735.0727052
0.00108480979229	0.0035295006222	0.00155461166954	0.339007265954	317.655851818	-49732.4093455
0.00067418304598	0.00361083842031	0.00196891703483	0.215855555872	365.470062007	-49737.1067626
0.00117371734651	0.00372248211635	0.00199183374671	0.287538607133	790.687098859	-49738.1084851
0.00108318695437	0.00289758346128	0.00234707645052	0.228719560267	522.124803382	-49733.3244826
0.000919350205305	0.00339169384735	0.00193709116662	0.273119913828	381.107242742	-49732.6521159
0.00081468892121	0.00248689520122	0.00225644697079	0.201261432052	301.29896282	-49735.6727167
0.00126327967126	0.00248679115389	0.00242025172753	0.196988033413	569.718069949	-49735.7644701
0.00125942656186	0.00237178179809	0.00231061230428	0.206832891801	664.607917626	-49736.0207838
0.000936183368874	0.00205011890334	0.00254897982034	0.20351257086	329.246383389	-49736.2110395
0.00126687134501	0.00366186873207	0.00151340737845	0.283321509188	439.577112563	-49734.376886
0.000917369768991	0.00282677870181	0.00222491615757	0.231971711323	460.267198079	-49733.9125842
0.00131495006909	0.00326982715115	0.00170567479978	0.2673763745	578.133613859	-49735.4319954
0.00115585537588	0.0031482754163	0.00183348769652	0.187751918303	298.985139376	-49736.9976105
0.000862794622196	0.00263687612863	0.00223714839425	0.229890948211	325.587267625	-49733.7710201
0.000899598620456	0.00349708431312	0.00170502379505	0.35821669393	314.222940888	-49733.2954073
0.000855198074884	0.00310579476788	0.00169108761033	0.257961225668	260.350124543	-49734.5527951
0.00101579469421	0.00320351393713	0.0015979535496	0.268748356808	413.990885257	-49736.4608336
0.00117658451333	0.00305322258508	0.00203235049011	0.234268839201	466.593990286	-49732.9479761
0.00103563526727	0.00357657889265	0.00168802031259	0.189644941063	333.265069749	-49736.3495952
0.00103082797487	0.00313677780467	0.0021960258515	0.189752749589	452.846305585	-49733.7359274
0.00110004282423	0.00334397730709	0.002282349742	0.217346294664	570.465524579	-49734.8512603
0.00100394303093	0.00262602401719	0.00245219113003	0.156259969219	428.530411547	-49735.6346273
0.00109028415928	0.00379165880788	0.00148676495582	0.256033322297	349.021971908	-49734.2712822
0.000414535220009	0.00321611080877	0.00244282466692	0.206315103568	302.710945971	-49739.1716882
0.00090164562156	0.00343369565051	0.00184499334711	0.294312144915	275.33812392	-49732.6001114
0.000595515755861	0.00251897620349	0.00279007065421	0.270326471294	248.003102122	-49736.8686061
0.000612211773053	0.00216244251506	0.00262764068813	0.202896350552	244.475071944	-49738.0897455
0.000951227412641	0.00283520968785	0.00243143374978	0.245483223503	325.227783123	-49734.1467497
0.00123294235918	0.0033388676281	0.00183992997079	0.336144852937	571.831745356	-49736.2513661
0.000867300533417	0.00316663901911	0.00179858561279	0.258361720276	383.325493026	-49735.598294
0.00101863675258	0.00244603340013	0.00220111869314	0.194916875652	559.577656139	-49737.3983113
0.00100084116155	0.00308583314448	0.00198788321682	0.350816045216	334.535651167	-49733.9897769
0.00102718163837	0.00338937362053	0.00211415588854	0.20403158721	392.781286116	-49734.3287943
0.000868525857118	0.0030584592166	0.00224047689239	0.330460925839	374.368673461	-49734.8100904
0.000949469811914	0.00163040334648	0.00309811005372	0.266980133163	347.7307501	-49740.3006719
0.000667460330204	0.00153674173683	0.00310872476573	0.169919443664	206.439149001	-49741.0632458
0.000600727030632	0.0027065785449	0.00253730366728	0.218008487146	228.05801976	-49735.5936
0.00102724466018	0.00305698383098	0.00204829708128	0.20035126383	350.212975752	-49733.3579686
0.000971365434426	0.00199314125451	0.00240060443065	0.260272348356	378.275281452	-49739.8104502
0.000914787735278	0.00377534902272	0.00141317344365	0.381776744987	331.726409718	-49735.7563987
0.00102738753994	0.00378842961816	0.00154700337279	0.279668888391	271.798790085	-49734.3824986
0.00123110189854	0.00339960742624	0.00148040454626	0.318332776177	422.732548774	-49734.6966934
0.000918711935714	0.00233654754438	0.00260375558284	0.147567762308	369.094752169	-49737.0602878
0.00120194683713	0.00282177479177	0.00194419842342	0.182919980485	489.585767071	-49735.2630568
0.000933374085687	0.0034322221292	0.00215904968553	0.258836891041	355.91462258	-49733.8724793
0.00109886734944	0.0033946026588	0.00178736691103	0.26609319901	397.736143909	-49732.3042923
0.000999672467647	0.0028676053734	0.00207771841724	0.338748484215	312.134415766	-49734.5744551
0.00108186424305	0.00361458058464	0.00147678564583	0.30713874587	357.955992843	-49733.19861
0.000985881319352	0.00366842296154	0.00134623856805	0.365040407301	300.921977004	-49733.8444296
0.000961317943187	0.00255273126492	0.00210231773606	0.216934764264	224.21923649	-49736.0918051
0.000432094741933	0.00310621416874	0.0021554671395	0.330245610197	153.943951304	-49738.8054353
0.0009915273951	0.00353898515133	0.00169831010978	0.327442106787	337.722687624	-49732.4069255
0.00104628966992	0.00328384114491	0.00187871828237	0.258937193749	307.316894902	-49732.7523609
0.000994472174932	0.00328913139291	0.00197459432179	0.310135915142	410.486992794	-49733.0858963
0.00110466354143	0.00292171421124	0.00219426115411	0.258948510641	491.236068544	-49733.1035101
0.000988445126179	0.00332384244995	0.00183743359399	0.297335585307	408.845641305	-49733.1444372
0.000973746006696	0.00277200812841	0.00217963943248	0.26510541709	343.863188889	-49732.8308558
0.000785142930785	0.00271946247691	0.00248130989458	0.189565343046	395.016992356	-49734.8805619
0.00100054633848	0.00320474590945	0.0021397529322	0.213209783618	403.974178522	-49732.9620205
0.000975290321503	0.00301746354332	0.0020171566656	0.213500487608	378.115712475	-49732.818943
0.00108618165637	0.00291518154181	0.00196594660016	0.231498933504	289.415245976	-49733.9699163
0.00117223437019	0.00305749828417	0.00205951254918	0.21687746436	602.300509767	-49733.7049093
0.0011388690003	0.00314508055123	0.00202220445416	0.264480164948	566.798731232	-49733.6805932
0.00084281023441	0.00357364717732	0.0019841770737	0.263356884554	275.602868491	-49734.4196245
0.0010385029373	0.00272667020647	0.00201602151544	0.281460060602	460.167533125	-49735.742704
0.0010858686866	0.00328408718323	0.00193279972782	0.237137709892	456.11940735	-49732.5960351
0.000939920981427	0.00303995665722	0.00189697885	0.256984831752	363.318178792	-49733.1466166
0.00102797235416	0.00299479161874	0.00204253483297	0.32946760011	352.93525758	-49733.7605311
0.0010106632281	0.00405926583705	0.00134906782542	0.446593405277	294.543953944	-49734.1641142
0.000720180116301	0.00294273339354	0.00211708492738	0.21433543968	238.672361687	-49734.6783911
0.000683276275973	0.00200356760735	0.00265885688804	0.179718038123	180.336725588	-49738.4024096
0.00074278106168	0.00341549230669	0.00194054362476	0.274329894602	202.414179587	-49735.749327
0.000837514051675	0.00410899829518	0.00158203359003	0.350564019877	282.387143879	-49735.2665245
0.00102390522308	0.00363472719522	0.00168680324166	0.26215765818	346.635869233	-49732.7908879
0.000736299015486	0.00318603241969	0.00263444310014	0.237514516802	378.176436715	-49737.0505681
0.00105852541025	0.00312056414058	0.00215433973127	0.240174541877	357.61578852	-49733.3138716
0.00100318753406	0.00253723183113	0.00234970480677	0.239302806395	329.473793378	-49733.7172024
0.000875144093422	0.00330072624477	0.00216561186949	0.272088652628	335.785581765	-49733.1929593
0.00112124600637	0.00332256938015	0.0015925262717	0.308572549194	238.129023481	-49735.1410687
0.000899974884943	0.00308956254606	0.00176288702649	0.307779084322	266.991147051	-49733.2163481
0.00115659202914	0.00389037109972	0.00130699860075	0.321201108569	343.34613581	-49734.1542756
0.00105664856291	0.00396763921594	0.000930369410076	0.654973051151	199.171905444	-49735.4867353
0.00102016982624	0.00451003863741	0.0008395488926	0.730000688907	218.795062676	-49737.0075876
0.00086191187974	0.00449335242237	0.00133879861791	0.411869307648	258.632453123	-49737.592927
0.00106216573593	0.00380706579121	0.00152746636245	0.423989250507	308.141056896	-49733.9968491
0.000916256314956	0.00347969273049	0.0022513389079	0.25350262939	509.631291338	-49735.1996812
0.00108660489654	0.00284332091571	0.00222500507403	0.198214783035	457.96384147	-49733.215657
0.000933591402843	0.0037463601423	0.00182292868015	0.278260483105	378.362366926	-49733.5387906
0.000934376705266	0.00335292064926	0.0017532650482	0.296079762037	326.926674758	-49732.3756076
0.000873025935159	0.0031083286835	0.00203974604751	0.264375045042	296.9452442	-49732.3441548
0.00105464949801	0.00302410112764	0.00179625889317	0.243444521955	383.118242885	-49733.3491218
0.000910412180691	0.00263089397827	0.00242537373279	0.242076911494	400.024792431	-49733.5150056
0.000966600277817	0.00352330594915	0.00157395712661	0.223567650574	327.715569011	-49734.8867928
0.000987899240742	0.00288500094946	0.00236087963307	0.250979490835	349.256170866	-49733.6308239
0.00116576111869	0.00419673777538	0.0013099444061	0.379607302507	351.660018585	-49734.6988293
0.00100993497026	0.00276181239745	0.00184430699068	0.285019933937	270.522284757	-49734.5691369
0.00123914703345	0.00294499285997	0.00212432240168	0.235198192929	610.827603591	-49734.0596123
0.000897908642249	0.00363801416592	0.00154305431933	0.409602213822	235.154467257	-49733.6276753
0.00113390271921	0.00266625033837	0.00209787246221	0.265919641735	484.304419151	-49734.499209
0.0011788314342	0.00318730236117	0.00206200626455	0.244533836345	828.754761063	-49736.3433303
0.000879009365601	0.00354899882547	0.00148229239348	0.349134185438	214.039558871	-49733.7368859
0.00061764075581	0.00346784444411	0.00208862220045	0.314055581141	253.592796273	-49735.5944075
0.00104410921867	0.00364284052729	0.00147202791191	0.345480400724	311.546517114	-49732.5606955
0.000681908938853	0.0033000147999	0.00194480077952	0.333769361154	245.801400003	-49734.4319729
0.000804397631794	0.00213660540447	0.00285808184981	0.18218212582	291.257138219	-49736.2744189
0.000954966285824	0.00253283292323	0.00239212203656	0.232029686196	275.9988887	-49734.4258704
0.00105913462924	0.00296262509097	0.00219114100766	0.23677289146	525.162891813	-49733.0368461
0.000997194307383	0.00376183548706	0.00178916580075	0.439463604732	351.472970335	-49736.7801941
0.00100850248669	0.00375247057801	0.0014913772186	0.344381915545	277.874582656	-49732.7499402
0.000932609887747	0.00323886451833	0.00178378278159	0.28315466325	391.857293116	-49734.2507238
0.000974489544201	0.00291818906733	0.0020929058374	0.19393033931	405.697825532	-49733.5677604
0.000606989002741	0.00340549214675	0.00185775087621	0.274107838756	250.505712921	-49735.4112504
0.000623120572388	0.00330828021102	0.00202607515144	0.228167098662	260.602192241	-49735.2019457
0.000686214136204	0.00290298265381	0.00223411904496	0.331196633659	232.277652755	-49735.4150231
0.000846373430394	0.00312593748851	0.00202395945551	0.429753389171	281.150420345	-49737.3229492
0.000930852506738	0.0037166471879	0.00147418524052	0.362634386526	246.920256744	-49733.005182
0.00126655319007	0.00341531501251	0.0014154762184	0.389650262916	390.087256424	-49735.7874336
0.000848156865986	0.00304216081831	0.00236193887508	0.230114042062	592.051541986	-49736.4412872
0.000968718589157	0.00335160076196	0.00196871051226	0.244274769726	334.928187213	-49732.5274453
0.000898669289414	0.00416389330016	0.00181276981498	0.175919010895	456.958607024	-49740.9575147
0.00106211299051	0.00339675424799	0.00176418547369	0.24096276531	353.825454513	-49732.6169247
0.00121199417705	0.00375462277228	0.00180547783516	0.310506595117	438.060441239	-49735.0390605
0.000939485401851	0.00239479177748	0.00255052626938	0.2582056123	337.09288891	-49734.6538812
0.000979888330665	0.00319301523655	0.00204571122154	0.261410322074	309.631772107	-49732.7091839
0.000924023974553	0.00358273598146	0.00158710410694	0.351394466246	242.106995832	-49733.0065961
0.00107103032115	0.00360534981818	0.0017328151199	0.201224598302	394.33694416	-49734.98436
0.00117233365305	0.00353073003095	0.00146692123156	0.326338424034	308.213224528	-49733.1316206
0.00085437390758	0.00311994462394	0.00192915195508	0.315064314751	286.57766104	-49732.966488
0.000516052372931	0.00250738337757	0.00269696220903	0.17651901127	303.175550318	-49738.6749643
0.00117941396723	0.00323753299285	0.00226834590528	0.257588373082	562.758969359	-49735.2807315
0.000997373404646	0.00350449065378	0.00185652356222	0.238339495064	516.680962096	-49734.8721674
0.000579633594944	0.00357570660297	0.00157289914721	0.30242877712	198.873502318	-49737.0751571
0.000849216404349	0.0030013367127	0.0020615695882	0.250460113104	326.292130141	-49732.8118188
0.000924237951661	0.00353850635918	0.0020862580301	0.283027427007	404.600411732	-49733.8555872
0.000477452367985	0.00252991548228	0.00256566461489	0.249412556474	272.025116082	-49739.2330683
0.000444920806937	0.00304411163499	0.00226966480781	0.17488484588	180.636015981	-49740.0126241
0.000950198876779	0.00330311835163	0.00171493720965	0.290459279278	316.172716942	-49732.40611
0.000896085431197	0.00319288116812	0.00198784964227	0.197224579078	307.686861685	-49734.0305782
0.00084496383424	0.00306535494343	0.00193628513327	0.213295869202	356.021120585	-49734.5802418
0.000819609889762	0.00357052853149	0.00166820110007	0.275331276013	314.271401214	-49734.0490199
0.000986333357023	0.00306120118693	0.00175758910183	0.217345163157	320.405806202	-49734.1656433
0.000900329278532	0.00364664054431	0.00192219754042	0.292498265704	295.26879824	-49733.9717992
0.000982431084869	0.00332543838907	0.00182366511114	0.325891410362	316.535560665	-49732.353377
0.00111097690215	0.00300100463856	0.00217620026667	0.19942609474	465.414258653	-49733.3192938
0.00122256384237	0.00279710044369	0.00200590600142	0.236522443753	435.132159562	-49733.8617944
0.00101534003566	0.00360437187206	0.00162478755568	0.293638175554	255.44995889	-49733.8506162
0.00125575171138	0.00348235275734	0.0012655026629	0.372506184422	267.94991141	-49735.2434923
0.0010657168005	0.00288646693725	0.00205978193128	0.251744174826	349.25532258	-49732.6048529
0.00110332495392	0.00271040490902	0.00240899911976	0.217734027411	396.875216926	-49734.3471675
0.00121114830438	0.00279504976904	0.0026878719746	0.216510694123	1053.91992315	-49738.5494632
0.00118395657954	0.00273928836826	0.00213453817613	0.22422896606	584.181047382	-49734.0626795
0.000897628187065	0.00320059435868	0.00200751201966	0.34135151088	354.719607452	-49733.989866
0.000969044690635	0.0030250040854	0.00230240879212	0.255009381369	309.282992152	-49734.3523574
0.00108855330643	0.00221164750478	0.00233052796518	0.168381473389	571.124845738	-49737.9166274
0.00107647546028	0.00270078456545	0.00253692578393	0.182810171346	825.427565411	-49736.0326759
0.00113093402089	0.00286556040027	0.00236472796398	0.248472837333	614.947301837	-49734.2614439
0.000948450734782	0.00299590365455	0.00204670668294	0.285413531808	357.653625857	-49732.6276463
0.0011704764314	0.00345784527137	0.00157651739408	0.317935032774	299.222353143	-49733.4896413
0.000897254564699	0.00255451913434	0.00248604714677	0.179300405587	275.60203541	-49735.672866
0.000741312600543	0.00365002333178	0.00201181850164	0.292457280504	287.238517755	-49734.8555993
0.000790557108121	0.00312287189855	0.00241655197238	0.219194262788	458.179273453	-49735.0740114
0.000768846390634	0.00291728700981	0.00206901945978	0.239944829353	210.222583636	-49734.6348534
0.000795652295385	0.00261702068747	0.00236823261909	0.202829094575	329.95500713	-49734.4250411
0.000899197544061	0.00295071853425	0.00209712382188	0.255445100348	354.429347485	-49732.6567906
0.000923247649531	0.00271227448555	0.00202060159771	0.257497705314	287.438654658	-49733.8514078
0.000878065054765	0.00181414470953	0.00266219283743	0.2023632567	192.307693676	-49738.4367532
0.000590319992905	0.00201066253496	0.00294642547932	0.146083220787	132.092960732	-49741.0604972
0.000845005426442	0.00318185453582	0.00190113632139	0.249307804025	346.446954263	-49733.5501209
0.000950331568786	0.0038852098046	0.00155349350591	0.37768335763	299.239194165	-49733.4336842
0.000881831051379	0.00331332247076	0.00178834911423	0.288091644823	260.533323527	-49732.5018068
0.00130056735477	0.00316660228111	0.00168186441098	0.340997768584	423.551515241	-49735.7642462
0.000940812640238	0.00333074764596	0.00148663865796	0.285137408119	225.246523001	-49734.5400368
0.000789552943708	0.00377014089605	0.00156034555366	0.34185799802	253.634633466	-49733.8623314
0.00108967982127	0.00418544225844	0.00130093094427	0.360716343114	274.694783684	-49735.1691317
0.00105390021456	0.00281314616272	0.00186761059304	0.22672522287	323.020569216	-49733.9843816
0.00077576152099	0.00271122159309	0.00229563844387	0.228475915193	261.655759985	-49733.85741
0.000943266792245	0.00355210802012	0.00212932844644	0.264462355433	399.824025551	-49734.1168109
0.00106696198038	0.00339104514211	0.00164459899285	0.243765507086	351.431375757	-49733.0505989
0.000905350664012	0.00304235024461	0.00261779946921	0.191604190406	372.981566551	-49736.8158091
0.00102073671575	0.00359194714009	0.00152471363649	0.337518129253	278.901295823	-49732.4256528
0.00105349500154	0.00426310554695	0.00157783812988	0.270089101668	400.412399907	-49736.1683729
0.00111955286377	0.00349299432349	0.00159139597987	0.345051043899	359.822778376	-49732.8924291
0.000944096638208	0.00292614330293	0.00207196515799	0.213508777728	437.163843712	-49733.812959
0.000927421583704	0.00295070418008	0.00231355399364	0.234218648679	521.708447761	-49734.0210484
0.00082629880714	0.0035899193816	0.00200649659824	0.232732549068	346.513806829	-49734.2157488
0.000967723378376	0.00357191943736	0.00160512763865	0.258365033225	282.547105248	-49733.3777805
0.00120775009603	0.00251035901715	0.00247837603555	0.170709615866	602.030737136	-49735.7734618
0.00102213984005	0.00320448332709	0.00176844171374	0.262746454218	298.410953129	-49732.390068
0.00121109413975	0.00416554257087	0.00144796459808	0.305310515451	369.523142092	-49735.4455227
0.00105772039637	0.00321902435773	0.00148914816671	0.309115990051	247.460779475	-49733.9871784
0.000801258272386	0.00308601725727	0.00197162556587	0.302368565405	323.238983914	-49734.2237194
0.000920475015331	0.00334134614225	0.001936439435	0.274719961227	400.371876709	-49732.9980564
0.000844771291481	0.00310260611582	0.00216466152338	0.256763500675	309.11651846	-49732.6616751
0.000920867767706	0.0032041919103	0.00198036560258	0.245146453819	405.719763232	-49732.9637694
0.00107726216798	0.00378373403977	0.00162281196777	0.318699161873	283.290455067	-49734.3700035
0.000908865382472	0.0039430875232	0.00142774819094	0.294265126638	265.515772074	-49734.7755193
0.00110111339743	0.00310914237002	0.00157295633905	0.353519603625	281.211889676	-49734.1813234
0.00123457087174	0.00366432473396	0.00136155825127	0.369590747226	315.942618882	-49733.9072643
0.000990628288532	0.0027804994155	0.00215742438398	0.210501359969	559.706848195	-49735.2988382
0.00107891150136	0.00265596371026	0.00200582778667	0.229659727073	380.144171282	-49734.0427923
0.000774828677006	0.00333085277229	0.00199798060465	0.247569702177	343.411107599	-49733.7470233
0.000804712563872	0.00308744914414	0.00221321983388	0.238603568805	290.106179433	-49733.1828048
0.00106587445584	0.00338287256725	0.00175878743754	0.269660788745	385.480094356	-49732.2544605
0.00119663016284	0.00372709106739	0.0014984112695	0.410513418906	341.726893284	-49734.5768628
