isolation.period	migration.period	theta	rho	migration	posterior
0.000972255332647	0.00257786071887	0.00222473207161	0.215991128469	421.116660733	-49734.1833304
0.000677073869695	0.00246207009287	0.00250660014484	0.197895772438	172.24373129	-49737.3601339
0.00088984226261	0.0027818084981	0.00238578963633	0.253507065141	236.63915311	-49735.7643415
0.000851022398129	0.00317208615895	0.00209324082574	0.214521700282	246.813614439	-49734.8883732
0.000633384407701	0.00274046603253	0.0026892980928	0.234659915588	273.676736103	-49735.7880946
0.000906181771794	0.00234241282427	0.00258769619219	0.285365495705	297.344467144	-49735.942643
0.000708350571264	0.00225741277376	0.00272121207362	0.21897943603	213.74239674	-49736.0049531
0.00110852608043	0.00297940034335	0.00174548727681	0.293262173139	302.490920123	-49733.4692551
0.000968973457996	0.00347715606777	0.00157131536061	0.359930872431	269.425786157	-49732.5347519
0.00105552379913	0.00360626975321	0.00180676457709	0.257905472086	355.060879086	-49733.0238652
0.00125511712713	0.00276107316449	0.0022662937472	0.198628107503	565.500378838	-49734.8186973
0.00104998365476	0.00266550748206	0.00227215006909	0.17781731328	529.373752836	-49734.621151
0.0010803158172	0.00374714830345	0.00185589194809	0.232821496812	465.975545236	-49734.3002942
0.000849846797615	0.00333385965309	0.00210412928763	0.23782843229	283.222689995	-49733.8844029
0.000617823903728	0.00319582676614	0.00210117657537	0.205399262195	224.082315857	-49736.1915718
0.00104135043042	0.00327052056115	0.00199059327112	0.235165250576	380.872498283	-49732.4221185
0.00120638069453	0.00338659274061	0.00148345971309	0.347175983824	365.937030149	-49733.8973831
0.0010749262234	0.00359063784087	0.00172310404194	0.258534071458	382.837607278	-49732.7479394
0.00104481476743	0.00301066677239	0.00201234172912	0.290517681041	340.113785903	-49732.6509235
0.000913118984114	0.00344870444047	0.00213644966428	0.320282936072	441.903272574	-49735.1411323
0.00108427685918	0.00284405506582	0.001920075664	0.204478904619	338.477069727	-49734.1098698
0.00111753515378	0.00271480597835	0.00262045182417	0.187350680401	584.845518835	-49735.5213784
0.000936738543087	0.0029766219103	0.00255756177166	0.18874733577	462.442891448	-49735.0979849
0.000709028407457	0.00189419136673	0.00315040887408	0.149790352872	403.504295675	-49740.4782661
0.000829944387203	0.00327111438041	0.00188287154403	0.230930641205	298.831154985	-49733.3347599
0.000730500642124	0.00324276872139	0.00205809148434	0.28481120723	301.871143052	-49733.6855076
0.000675724429182	0.00336999442699	0.00162191995819	0.302934090747	242.92163203	-49736.2401549
0.00106822835355	0.003334753447	0.00166085396155	0.349032030319	290.91075059	-49732.8449947
0.00113918240385	0.0036922645484	0.00165953509539	0.191811105965	573.280970166	-49737.8978348
0.000884018922743	0.00305103562083	0.0022780867716	0.264424152103	239.115688456	-49736.0454446
0.000637277767369	0.00344387393339	0.0016161476563	0.368173548504	205.190046671	-49736.0786077
0.00101565954281	0.00345283924403	0.00153015133792	0.287773494213	345.379424801	-49733.4744509
0.000944836142475	0.00265966003887	0.00230402346079	0.210614533258	271.795159821	-49734.3542736
0.000833350109051	0.0028311295196	0.00235135448654	0.238191231439	310.594308977	-49733.1400327
0.000780856490253	0.00337531895561	0.00198965976313	0.298858774217	288.20176898	-49733.1803278
0.00108145809447	0.00331668300197	0.00182851828409	0.251901292353	389.38066291	-49732.2375913
0.000988401335148	0.00338252330276	0.00178153960267	0.274330580768	301.239910472	-49732.1873511
0.000626272681356	0.00291621557654	0.00217946082777	0.281433164395	231.734323634	-49734.9721931
0.00100622408725	0.00323994920705	0.00167897462151	0.247436924178	271.642927067	-49733.4167632
0.000939184242539	0.00321935735479	0.00178090332273	0.328689834578	274.418995821	-49732.5884712
0.000910522795096	0.00324170445183	0.00161991363048	0.316099724749	230.391557864	-49733.4092267
0.00106419650976	0.0033668976315	0.00184858131902	0.357540265244	439.343066577	-49734.8204179
0.00103877658018	0.00388359688827	0.00165101828905	0.392900843294	328.404035817	-49734.4577566
0.000947029087111	0.00410909749382	0.00141444016751	0.382845606874	254.416691544	-49734.7352746
0.00108637169998	0.00305958737997	0.00225584762808	0.245281718708	560.967392777	-49733.476259
0.000991927343568	0.00328975882078	0.00161326725531	0.29121798359	314.590328029	-49732.8702896
0.000904611777369	0.0027522274166	0.00246476680595	0.299968059221	371.985792775	-49734.8258332
0.000928448836771	0.00374450189609	0.00149680134358	0.369090259034	306.317692054	-49733.4298926
0.00126830305418	0.00321221361472	0.0017825563977	0.203451303296	514.056535574	-49734.9737397
0.00118329653772	0.00317715616672	0.00221062586443	0.235325257694	507.203110969	-49734.3581821
0.00119487359418	0.00308631143654	0.00160520359208	0.373412571645	280.931688323	-49735.8616865
0.00108419082995	0.00373126848443	0.00140363821952	0.361985202917	353.952377462	-49733.738523
0.0010390760055	0.00274176560649	0.00222936949341	0.208662812249	631.61668838	-49735.1530859
0.000888085746258	0.00293156999377	0.00198161901962	0.276081310095	303.900620592	-49732.9979233
0.00129387306019	0.0037050497369	0.00147830824242	0.329847750443	306.935275559	-49736.4359732
0.000922368440658	0.00321268960307	0.00214564150001	0.267979777784	335.009490954	-49732.7472492
0.00106201618752	0.00389498262101	0.00128527071277	0.366318296874	325.185223128	-49734.0288016
0.000859627386165	0.00314194682818	0.0022286562927	0.251461628131	305.898611528	-49733.2138691
0.00103761133723	0.0034877413331	0.0014841255122	0.341949855713	271.796640001	-49732.5709998
0.000952463591754	0.00263523121955	0.0023817431373	0.177286128955	363.267310505	-49734.4083379
0.000935723030176	0.0034905480737	0.00183791329477	0.315170005187	408.317546192	-49733.9824118
0.000975935509615	0.00301898711864	0.00156868341326	0.24143554418	285.350016403	-49736.3367932
0.000753551457275	0.00293879035613	0.0020135717717	0.225808681635	300.444243479	-49734.8904903
0.000863073419243	0.0028461834267	0.0020814157663	0.226948085107	349.313472745	-49733.7866439
0.00087738120473	0.00355395410483	0.0014707682258	0.502637473677	230.275802244	-49735.6266151
0.000975753333371	0.00373312037692	0.00170496931843	0.383219969311	230.526988947	-49737.1223413
0.000905989324369	0.00377941976954	0.00132221081916	0.583671731152	241.051986385	-49736.6344541
0.00107385087299	0.00384215268798	0.00167972500512	0.259216885719	363.102782938	-49733.9219501
0.00114796590731	0.00269831330447	0.00232547550457	0.193711595719	814.651008026	-49735.6335317
0.00110867226813	0.00323181415653	0.00183604658293	0.289040346363	372.818359199	-49732.32183
0.00113989564239	0.0025926759643	0.00228465826603	0.255516717278	548.828240924	-49734.5417972
0.00086765308626	0.00373053464776	0.00185965856011	0.35531988868	289.032088108	-49734.6147686
0.000756598129197	0.00344227472209	0.0019570107251	0.305646468871	264.860722857	-49733.5530798
0.00101208984292	0.00379143123145	0.00102519992594	0.659818993426	209.170537489	-49735.8355536
0.000642689724269	0.00389436981654	0.00135969026544	0.467249860952	171.444996762	-49737.8698484
0.000918275724815	0.00279714640933	0.00218984902936	0.245836620213	319.76868688	-49732.6939978
0.000997712201318	0.00329063275864	0.00197964830421	0.325230707369	300.225639904	-49733.7034803
0.000981866562625	0.00277496199788	0.00228269634046	0.159327595399	749.787536332	-49738.4267829
0.000651628095662	0.00291648349742	0.00248043204782	0.142338897221	239.458540818	-49740.2267866
0.00102240156142	0.00368839565689	0.00135980249895	0.433342083603	284.201790742	-49733.4654547
0.000780481006094	0.00426116435318	0.00117853201502	0.496348667485	203.467207456	-49737.1762785
0.00123807819606	0.0035642111539	0.00128192673825	0.317922864863	358.791082691	-49734.9599409
0.000627538862994	0.00314767079791	0.00240182882666	0.284244202678	255.403711508	-49735.8563238
0.000768334372089	0.00359243004134	0.00173195359125	0.304137235808	279.675397199	-49733.6169423
0.00102501612398	0.00241356426423	0.00252620717077	0.258455163924	364.456736402	-49734.9413742
0.00110989400539	0.00355242979832	0.00195965914466	0.262541208948	418.707686325	-49733.5875805
0.00106290894511	0.00327013459429	0.0015286726863	0.330136112263	272.029361891	-49733.0673412
0.000961648723186	0.00342668413774	0.00180273827006	0.403509888302	313.656508549	-49734.4618766
0.00111755014531	0.00292147900821	0.00186514507616	0.227698724125	353.935662158	-49733.3420577
0.000653239633622	0.00286039168766	0.00238093270755	0.234138348137	335.630673598	-49735.4223585
0.00105243826142	0.00310931576707	0.00195323442752	0.310177097658	495.136369845	-49734.9052805
0.000790049357767	0.00309243914273	0.00204877026588	0.267007724586	309.273069923	-49733.1143297
0.000725951564122	0.00352889545067	0.00157311151859	0.369213852185	170.308435864	-49736.3696179
0.00110408043715	0.00332069845805	0.00174777794176	0.310634726296	336.192655026	-49732.4439505
0.00127567421823	0.00370067369271	0.0013277592279	0.307107661417	378.200695312	-49734.8413389
0.000909295313952	0.00315039644915	0.00170350236633	0.27089871492	281.365627186	-49733.3588097
0.000843683786144	0.00237058476859	0.00243650977204	0.254332776189	280.391499039	-49734.8699844
0.0010154567611	0.00224673688382	0.00268024379496	0.196114508422	393.94684177	-49735.1052319
0.000843199071105	0.00370027213148	0.00196139526152	0.297330377118	311.41539616	-49734.3090768
0.00105246511251	0.00228874095001	0.00214092006548	0.194487623618	377.361511341	-49737.1539053
0.00119703120073	0.00388941669862	0.00153831486951	0.267726731441	427.469134835	-49734.5633291
0.00122605956841	0.00299573821953	0.00203726050392	0.278925011148	455.113292514	-49734.1849593
0.00124129701036	0.00288785771235	0.00168915024358	0.26492830004	277.411281326	-49736.5656878
0.000937281763667	0.00316912920223	0.00175122957127	0.294630905436	195.006003775	-49735.6488068
0.00114274542181	0.00344558593148	0.0017306427712	0.376467549184	396.29952422	-49734.5057236
0.00103403312792	0.00341160401146	0.00159369600256	0.290663928337	300.269619928	-49732.3675221
0.00112871866764	0.00272859652768	0.00214659233251	0.250891615589	412.432284487	-49733.3018258
0.00130360109586	0.00355884828822	0.00134372786119	0.345257528413	410.512790824	-49735.5139859
0.000748815785034	0.00361401102996	0.00165910397359	0.335390996116	297.529477056	-49735.166948
0.00103391871831	0.00351654075487	0.00169903471835	0.27234262111	340.702510155	-49732.288874
0.000832012558556	0.00205667145951	0.00286926275864	0.234808150853	312.140636836	-49736.2448965
0.000904475810018	0.0028493655464	0.00176097632776	0.323992764456	257.20342341	-49735.8886086
0.00100175608597	0.00405337300111	0.00122082132238	0.357117261119	273.770682768	-49734.5747535
0.00115551735492	0.0038549314899	0.00165837049184	0.267534712498	359.127515782	-49734.5896947
0.000996954070703	0.0025994879444	0.00217417062589	0.185723642649	425.586246328	-49734.9105232
0.000967343109021	0.00323176703612	0.00197943534399	0.342267268266	381.126778642	-49733.8652278
0.000793630751775	0.00316508750395	0.00198235312477	0.293270922007	274.732568528	-49732.9167269
0.000952076949841	0.00329153549242	0.0018891307084	0.283396684664	332.92261488	-49732.0009185
0.000785333437045	0.0039412772336	0.00139177661072	0.438575836348	275.659279341	-49736.564795
0.000891747819326	0.0033497713625	0.00188455970341	0.226848473841	432.432324129	-49734.6901942
0.000802781244365	0.00270526223911	0.00271884805093	0.240569630096	483.064198312	-49736.0091748
0.000613522708521	0.00288064157071	0.00226339011826	0.241861404624	216.578252664	-49735.0338015
0.000912304924837	0.00273099176955	0.00207568866295	0.259829025678	276.240506704	-49733.4738866
0.00123849615351	0.00301610953309	0.00236007983718	0.206561836887	531.233937178	-49736.3112301
0.00123237763429	0.0033784323834	0.00151620685173	0.297759913267	381.472916568	-49733.6728935
0.000930426136672	0.00309811682141	0.00192383536766	0.344099595719	383.921020496	-49735.2924633
0.0009987804686	0.003334489573	0.00199346148893	0.204363498908	331.741614131	-49734.0805996
0.000894648959468	0.00245512535769	0.00259400140909	0.20901520438	456.190495197	-49734.6140113
0.00129984452568	0.00363794526989	0.00173243648691	0.30059208488	427.546062332	-49735.5532035
0.00089935030156	0.00298302303413	0.00210654555611	0.281288245887	313.780348165	-49732.547906
0.00100692873649	0.00356818347031	0.00178651891238	0.227064732923	380.234511118	-49733.4238962
0.00108770292726	0.00320388922005	0.00158053213762	0.313210269636	232.535193882	-49734.6420925
0.00125933105309	0.00468444556176	0.00100167322444	0.684115582938	295.630909751	-49738.8816468
0.00118939933094	0.00416071150373	0.000876230419	0.624752526827	245.936123056	-49735.1805445
0.00108218533921	0.00386847186704	0.000689598195307	1.00839581189	185.850463606	-49738.0353358
0.000992282156164	0.00380651175378	0.00141279443356	0.432505186748	234.037723549	-49734.1565438
0.000933827584319	0.00310433686326	0.00201772270771	0.310726218551	356.924134535	-49732.9941215
0.00103569309021	0.00243726047005	0.00220604186765	0.25644952614	383.517177172	-49734.9679078
0.00101538937016	0.00330818153493	0.001498301711	0.281904856967	231.185551166	-49734.5143771
0.000837360385408	0.00247656789968	0.00278502451231	0.261259765453	399.97961793	-49735.8702781
0.00121952830424	0.00230645024983	0.00190151245153	0.244952903558	340.026265429	-49739.3384051
0.00110497670974	0.00223914098883	0.0025864539656	0.165194871718	586.196660925	-49736.2158782
0.000957871871993	0.00194531431366	0.00278443416516	0.22309659009	366.011175275	-49736.410842
0.000939501443843	0.00308661930789	0.00207155341157	0.222263869818	269.109799841	-49733.9118232
0.00106828799008	0.00377288999743	0.00151924603911	0.303900250621	350.690220446	-49732.9847586
0.000837278770656	0.00331473282462	0.0017884857171	0.268674194645	286.597390966	-49732.8807544
0.000943087871393	0.00363800993951	0.00166967582562	0.299716152043	333.008064323	-49732.6584888
0.00112312440592	0.0033228751893	0.00142908861071	0.409919076955	291.073816331	-49734.4139686
0.000846553302785	0.00301750954051	0.00200700513055	0.38988793056	249.418670356	-49735.7736034
0.00078819883671	0.00313236062021	0.00215001343832	0.287090508839	258.147792936	-49733.5186925
0.000781539445603	0.00318722402084	0.00162138388635	0.281087663809	212.525726768	-49735.4078977
0.000543533930433	0.00374451018103	0.00186727107368	0.315539721781	212.792009899	-49737.2005309
0.000618034969724	0.00323228937736	0.00227440566434	0.229490587236	266.222397828	-49735.2310393
0.00102277062239	0.00317237440978	0.00186576894241	0.244481225307	359.750866738	-49732.2104163
0.00119895755576	0.00339164794732	0.00165198225114	0.211807141441	444.854792348	-49734.805647
0.000907920142489	0.00330866403425	0.00208111736567	0.288187915177	325.728318683	-49732.8738069
0.000866570160186	0.00192355506472	0.00277177357272	0.230318215591	266.46492036	-49736.7582707
0.000691686086219	0.00338304817225	0.00167895462615	0.33572083645	211.597891829	-49734.7382646
0.00079612052898	0.00361167247729	0.0019861936862	0.252455270467	342.206503715	-49734.1670992
0.00100836503917	0.00360236823076	0.0019794961194	0.231268338503	527.348581143	-49734.5780135
0.00102889110084	0.00218037970992	0.00253373872068	0.232803734991	567.170678524	-49736.8202071
0.000710779621399	0.00297228336824	0.0020335761809	0.224557866667	265.823864967	-49734.7660815
0.000869307223889	0.00319190257177	0.00204512103396	0.234420333266	361.15033646	-49732.7739796
0.00112386155896	0.00321430206202	0.00200003998346	0.219855228864	391.836575814	-49733.2469521
0.00121313050689	0.00400556348648	0.00133212148178	0.446089593859	338.844182635	-49734.972559
0.000959408078301	0.0033799706051	0.00201213962198	0.273847283712	453.697236704	-49733.3662334
0.00107591691791	0.0033783501674	0.00165694165922	0.288114056674	348.93726041	-49732.2645145
0.000977683368497	0.00281481407608	0.00210923297554	0.30760176835	312.5472337	-49733.652705
0.00102463648776	0.00249559500732	0.0022396038885	0.282917812564	375.085360678	-49734.9487668
0.00108019863236	0.00315891952188	0.00191267459153	0.20745783736	284.944027538	-49735.2585183
0.00110019887089	0.00238583789551	0.00248433012468	0.21391865944	451.719175855	-49734.3770447
0.00109239538255	0.0033144870087	0.00230175758562	0.240559541889	584.198923199	-49734.8064776
0.000946804425593	0.00355550833538	0.00206872710849	0.245142803229	448.704602564	-49733.889458
0.00114340597617	0.00360459085989	0.00139644003938	0.418144630772	347.832265852	-49734.5116385
0.000617097974856	0.0032880361548	0.00209601588403	0.220164066862	273.173797306	-49735.3723747
0.00112885643976	0.00308951036557	0.00199312115985	0.187280419285	621.259666982	-49735.1550065
0.00126202110297	0.00329671483725	0.00197599616232	0.237623900744	540.318203349	-49734.229421
0.00108248626355	0.00267839673329	0.00228076940064	0.184787478553	741.59938643	-49736.1144897
0.000912927023875	0.00304738444439	0.00234107031869	0.16132192027	321.420798219	-49736.8540389
0.000940830348765	0.00266249408525	0.00229211715805	0.267327480526	317.404991064	-49733.4082989
0.00098400116821	0.00293259651425	0.00236294156648	0.181343551903	506.228270856	-49734.1804416
0.00112844249657	0.00267195847769	0.00234603067865	0.213201727974	396.867229199	-49734.2252787
0.0010943921851	0.00322499859782	0.00151682200685	0.257510509453	317.668871271	-49734.1925247
0.00113975612749	0.00292207924427	0.00198017502782	0.189920891559	475.629421776	-49734.1563839
0.00119966390447	0.00296674808078	0.00184823560002	0.195239626595	571.13389366	-49735.707972
0.00110578557112	0.0030266333843	0.0021092027429	0.186611002516	385.826016903	-49734.3165005
0.00113996598098	0.00321813536718	0.00167597730932	0.240457212991	360.323477074	-49733.2521469
0.000974313364895	0.002761662572	0.00204712422185	0.249148956387	391.712207678	-49733.8237409
0.000431264669002	0.00408185840927	0.00203768107952	0.307798457846	268.362722478	-49742.5886477
0.000210970149071	0.00270047879473	0.00284430295152	0.226532984554	125.814109365	-49741.3536593
0.000117854626888	0.00265812261525	0.00294239996063	0.238069662493	148.437917231	-49742.3689214
0.000397873820449	0.00284366262578	0.00259333630059	0.260337731361	214.785467985	-49737.8821463
0.000936625193794	0.00369121057022	0.00157258688876	0.348958756824	253.453329383	-49733.0356118
0.00114211812465	0.00349634505406	0.00185129592311	0.285308448776	441.772973602	-49733.0260353
0.00102216277893	0.00260964122882	0.00219116031428	0.255643731938	233.758325964	-49736.137983
0.000573643609225	0.00298682181424	0.00247362139219	0.233398538041	381.698519008	-49737.8044771
0.00111865315431	0.00285030095462	0.00235177982226	0.202529603471	548.010062704	-49733.6749535
0.00103034447701	0.00293060962418	0.00228116621115	0.203760983516	522.829292682	-49733.3165029
0.000974246267438	0.00262495337119	0.00227867258581	0.179374596636	576.579280977	-49736.2176043
0.00112287138326	0.00254399974979	0.00251396760295	0.173916554799	640.472948716	-49735.1741153
0.0011315283237	0.00348592129923	0.00187175800776	0.22271238923	616.070325555	-49735.076772
0.00102669555072	0.00372282484129	0.00161031270346	0.372460384538	413.192911973	-49735.3720681
0.0010393586683	0.00356356512875	0.00162431121823	0.31903667111	293.596521555	-49732.4302737
0.000954325562826	0.00268813385606	0.00201547643652	0.233352003794	334.180445768	-49734.212832
0.00101357765454	0.00362825503887	0.0015995836799	0.424156309168	312.555052313	-49734.0670651
0.00117025569064	0.00259465962253	0.00202192689986	0.245654859903	390.715649768	-49734.5645519
0.000819688138371	0.00341842381693	0.00194439080515	0.258382005358	371.840192691	-49733.7887491
0.00121127869836	0.00331442468461	0.00167773260607	0.3017523155	529.926395739	-49735.4149143
0.000820719250607	0.00306549793514	0.00224658498198	0.220303219486	328.904992938	-49733.2144102
0.000990250792729	0.00297409648969	0.00254058743718	0.211022287698	323.610239017	-49737.4149462
0.00104243031604	0.00375964212847	0.00148148317879	0.364391179611	276.991050315	-49732.9410726
0.000885840763481	0.00304735768734	0.00204053468582	0.282058407887	282.996908975	-49732.5336641
0.00106582365865	0.00303807581358	0.00183547990963	0.287684064478	297.955399863	-49732.8105309
0.000807401728997	0.00322405308586	0.00185431257527	0.289377807048	259.214437847	-49732.8828259
0.00103128270691	0.00297706933277	0.00193319082179	0.284776794767	328.706248186	-49732.5236075
0.000734316463737	0.0031619009038	0.00211066928607	0.268610246887	264.375862937	-49733.3607784
0.000949165743921	0.00298427470037	0.0019454291755	0.252021870106	338.397723666	-49732.6093699
0.00132616615554	0.00311850515789	0.00207277951071	0.231535529583	547.310532082	-49735.6416618
0.000913404653182	0.0028648654284	0.00255136491754	0.255801632856	363.667862903	-49734.7629434
0.000830349739716	0.00265798926084	0.00238834663173	0.255511393391	312.085037147	-49733.5821823
0.000801218408482	0.00262808071239	0.00237014769256	0.24354222651	222.141504549	-49734.7895094
0.000922739271791	0.00330187492745	0.00187291546044	0.296019783237	327.094151542	-49732.1959135
0.00113992171083	0.0032070474363	0.00212110216366	0.278325557486	507.824765206	-49733.7335132
0.00106777427715	0.00339107528169	0.00164507553176	0.357322588132	268.640371694	-49733.4015846
0.000740546873717	0.00373215198342	0.00206521655539	0.291491699876	417.074726559	-49737.4541905
0.000993435174213	0.00278702647637	0.00228280139852	0.211179627382	533.01532926	-49733.8340016
0.00103588621912	0.0035339255391	0.00203370440304	0.238938453337	548.133984327	-49734.2775703
0.00122201821997	0.00388156248538	0.00137465676891	0.306100259163	417.188898526	-49734.9515288
0.000825009607541	0.00326329903206	0.00218120869402	0.30317520746	340.027252284	-49733.7705581
0.00103924198674	0.00378922114355	0.00123903538636	0.317884729914	359.838109551	-49737.1354623
0.00101808349127	0.0031269373992	0.00197277982984	0.256453414375	322.085364629	-49732.2651913
0.00100241870939	0.00255438088595	0.00244847538916	0.235864277565	409.9544206	-49733.5227109
0.000769411109081	0.00301289774535	0.00214301877967	0.267165775183	254.82724303	-49733.2647864
0.000910363848639	0.00376966865866	0.00166121070583	0.287684938393	335.0748581	-49733.3979212
0.000988343435935	0.00283584057226	0.00217468576744	0.281470874352	293.071992644	-49733.5839952
0.00123455974852	0.00371876400653	0.00146805509161	0.339996469844	403.692073736	-49734.0362894
0.00121515721687	0.00326341145185	0.00160734363612	0.278687864499	427.088213734	-49733.8468189
0.00103788579131	0.00355389105897	0.00162586317206	0.295428096605	276.967021204	-49732.9544798
0.0010534604571	0.00296783515668	0.00181135226416	0.201956365159	340.156971632	-49734.496726
0.00113962328348	0.0035733468051	0.00173059919073	0.304511553879	406.34136036	-49732.9019497
0.000878224438685	0.00353208729438	0.00180436681398	0.3087092598	292.115656164	-49732.5862054
0.000965628573166	0.00283218390558	0.00207405771248	0.218837804138	348.547213049	-49732.9676333
0.00102837088776	0.00323114753262	0.00162282587273	0.309937748784	324.35083729	-49732.9988189
0.00100371084036	0.00406668010037	0.00134318470397	0.419248729423	231.037145148	-49735.4592087
0.00119027504627	0.00384496547937	0.00094763514783	0.580777145944	251.265380112	-49735.0155122
0.00122007392346	0.00451275467968	0.00113925425609	0.470937263749	314.511544441	-49736.3406321
0.00103071572802	0.00366468592556	0.00146188345256	0.304144812799	331.080470047	-49733.1475968
0.00111897341763	0.00330425202711	0.0015041342179	0.285844616462	302.302062529	-49733.3293957
0.00117564255577	0.00263916905205	0.00195168125791	0.260742231862	502.680947328	-49736.079591
0.00101704150078	0.00292458194878	0.00201217108419	0.198884097624	400.936862058	-49733.5121024
0.000822755185663	0.00290615683435	0.0018670072732	0.237644549608	264.351709359	-49734.917439
0.000627650973158	0.00276756601929	0.0024578797906	0.254589314605	246.202493407	-49734.9366841
0.00112198341348	0.00414414223625	0.00143763462242	0.418163870093	327.326205724	-49734.9549113
0.000954130426344	0.00376036640413	0.00142796380646	0.308504967443	225.339300283	-49734.9096407
0.00109601535185	0.00380288713847	0.00126126159987	0.404369993191	287.576200924	-49733.2225307
0.00110743179299	0.00316442998848	0.00158951699397	0.335417939757	308.413051617	-49733.4695263
0.000957906943667	0.00294902923202	0.00216314523277	0.298899503294	295.948685065	-49733.5544917
0.000811701820941	0.00383546584357	0.00125201142279	0.554317658755	183.674453928	-49736.4832662
0.000712926392668	0.00260891787822	0.00245807066462	0.259277622469	215.91481093	-49735.1174553
0.00106259062636	0.00365152697035	0.00189043143244	0.227821723982	455.247928438	-49733.9168858
0.000927058162837	0.00340363022522	0.0018499749999	0.262900474677	302.585208625	-49732.3507892
0.0011537274208	0.00255252125479	0.00237194733538	0.215196595928	404.688975532	-49734.6516525
0.000990286734654	0.00311597870402	0.00199157463653	0.330619440064	337.615183783	-49733.2100172
0.000972529284784	0.00324322140258	0.00181181137155	0.309682522029	341.697573928	-49732.4753375
0.00107536926093	0.00310256944602	0.00182023170621	0.254286602498	346.182164954	-49732.3788651
0.000937463644063	0.00334484925777	0.00183193650187	0.25353485317	398.216538813	-49733.273923
0.000752112392234	0.00353028419214	0.00196367799085	0.258788547165	288.839877024	-49733.8905285
0.0011582572383	0.00383520832028	0.00147152338854	0.294449109586	283.509483912	-49735.3566174
0.000969849243991	0.00390842730866	0.00177520805487	0.266249163274	472.04545108	-49735.679653
0.00085963322525	0.00276550342397	0.00232793925954	0.266545151694	358.74201364	-49733.4767704
0.000938063209467	0.00363462818583	0.00151481073272	0.420385660926	262.118569565	-49733.3772374
0.00109060037999	0.00371863373159	0.00113551248154	0.438332206969	272.341346962	-49734.16564
0.00105112760532	0.00400134758556	0.00140409788765	0.374631952455	295.793359175	-49733.4956764
0.00109788144815	0.00284047818729	0.00213099334555	0.212008618158	603.787688177	-49734.2978025
0.00102462914438	0.00334234034808	0.0017888675284	0.241365181769	386.893257406	-49732.6320688
0.00109073910488	0.00322144872793	0.00192940384382	0.257510763296	400.86445173	-49732.1857256
0.000993774608924	0.00353017426581	0.00148969408842	0.258135246364	277.062093829	-49734.0527382
0.000999652255102	0.00251332159012	0.00238479204364	0.179189619682	383.736572152	-49734.4871378
0.000964628155017	0.0034957951723	0.00169639327403	0.298017840957	284.858662077	-49732.2834873
0.000928768674966	0.00376970396521	0.00181984362438	0.339651718072	323.105495959	-49733.9202929
0.000937097232858	0.00344740071843	0.00158241707268	0.377759282495	289.820823706	-49733.2721541
0.00105746143124	0.00383217816595	0.00141213144686	0.310914932201	242.264262078	-49735.3264014
0.000925035632699	0.00417189597455	0.00166178669725	0.369624003027	371.925971627	-49736.4104334
0.00119475734348	0.00362911339928	0.00103987632778	0.540912684118	257.65269403	-49735.4839817
0.000945055613945	0.00326240861136	0.00179843082548	0.235656070032	327.227659014	-49732.8170537
0.000917805783179	0.00346068318697	0.0019051979179	0.259073066265	338.995963043	-49732.4923124
0.00107411318765	0.00350610100903	0.00176610948778	0.355152612492	360.079603201	-49733.3105076
0.000891203552981	0.00321198422289	0.0020752046791	0.300157951131	325.978028531	-49732.7474497
0.00100135915444	0.00342776965917	0.00157590319021	0.331770632372	288.219211788	-49732.3272096
0.00094310014869	0.00317456508235	0.00205556751965	0.409849757974	369.373191594	-49737.2340796
0.00111995312862	0.00445713760697	0.00103084933437	0.605796529505	276.9825552	-49736.1783621
0.00104116775462	0.00404571747281	0.00123673901271	0.417862180451	269.573608997	-49733.7116779
0.00103733935698	0.00351001403421	0.00170304638569	0.327246798095	271.045229919	-49733.3635879
0.00113874171866	0.00330114950847	0.00170474649664	0.225644864093	477.650908378	-49734.3497046
0.000853076909092	0.00348772923023	0.00177901139914	0.275165784754	351.990296466	-49733.646842
0.000875587575851	0.00351296468364	0.00192275367272	0.278056282011	412.953032219	-49734.0948551
0.000939961757981	0.00319798882815	0.00180025847539	0.293107071337	320.9859118	-49732.462386
0.000904801960506	0.00328819173543	0.00212265928472	0.303880586965	371.020394521	-49733.3448296
0.00107871893239	0.00331587876176	0.00192491494188	0.215414015114	375.439903251	-49733.2170166
0.00100092484071	0.0030700524071	0.00213550093513	0.270327817225	439.371087991	-49732.7287247
0.00107337984366	0.00315438364031	0.00208012433974	0.248773011592	441.529603068	-49732.4210316
0.000702865133811	0.0031819393852	0.00248287101531	0.228941689619	399.706522854	-49735.9108301
0.000947919676375	0.00309366100312	0.00176250080719	0.294797803096	242.844968383	-49733.2125176
0.00102511494231	0.00302612076792	0.00236014281261	0.276185034682	514.214456305	-49734.286272
0.000943401011043	0.00275581369569	0.0026409137881	0.228201824343	445.036071654	-49734.5838771
0.000998708364001	0.00290029464313	0.0020397173519	0.257809862531	366.962992306	-49732.4848184
0.000975913231154	0.00301203735596	0.00224519928618	0.185049951061	572.728723144	-49734.7729366
0.000928254151803	0.00238981064019	0.0024842873333	0.23950769506	231.282150974	-49736.1362711
0.000998871534357	0.0031981097941	0.00207720736607	0.261291403735	369.400352323	-49732.2909863
0.000953046337863	0.00317823798651	0.00166225690362	0.264150240337	312.871301097	-49733.620246
0.000684537191942	0.00323798247006	0.00203841974397	0.328907788139	256.183881663	-49734.4926183
0.00102531439654	0.00364065277327	0.00144898672562	0.353610990163	247.510576917	-49733.1657188
0.00104445839006	0.00305096112691	0.00217758262717	0.211595429418	506.568477875	-49733.0299756
0.0012147232605	0.00291483325649	0.00204236083814	0.273477033151	684.846890002	-49735.8709607
0.000850261394136	0.00227897180348	0.00222981267262	0.202819414729	256.059053167	-49737.3888961
0.000941853946029	0.00266420901119	0.00206976859349	0.270682313121	358.588940637	-49734.7483766
0.000843786675057	0.00308124277834	0.00192053616312	0.320295758773	242.169785438	-49733.3628742
0.000992406980925	0.00298127448443	0.00168856744811	0.252792878643	283.470446239	-49734.3051203
0.00101138663792	0.00272454270715	0.00246793441551	0.247797809429	385.507092171	-49733.962
0.000833171995262	0.00290946089506	0.00268689395471	0.222921928115	443.613038025	-49735.5710193
0.00095708957744	0.00289852296581	0.00218879709588	0.190508901221	395.904630018	-49733.474154
0.00120113430462	0.00351980845066	0.00136755009704	0.370322938626	334.463544953	-49733.7852296
0.00101300997914	0.00356596810824	0.00163129562481	0.330778508903	355.438861766	-49732.7835888
0.00101590701379	0.00327289765419	0.0017610635303	0.317887598264	359.736601944	-49732.7256949
0.00100680748423	0.00337104073151	0.00168950179134	0.210246788788	316.104538141	-49734.419846
0.000811065541809	0.00235314512446	0.00244371324385	0.204526419461	243.041441719	-49735.3884106
0.000849158257958	0.00301147929352	0.00212436546943	0.273282173789	297.677173378	-49732.6313312
0.000989337909463	0.00288075837735	0.00195168433598	0.231918508384	361.777391654	-49733.2168076
0.000953632835704	0.00331102485164	0.00190374630998	0.251706270926	416.237479451	-49732.9849877
0.000984026337098	0.00304084907242	0.00215487474199	0.289548866018	401.132265634	-49732.9235831
0.000785588509726	0.002727845984	0.00245993742769	0.130199640887	527.806007222	-49740.5053202
0.000895381291756	0.00376259274185	0.00182558932506	0.242385931211	395.828966913	-49734.5963136
0.00114317834548	0.00250123491293	0.00250857466691	0.215855895343	539.56653052	-49734.5061888
0.00121052637508	0.00283375751328	0.00229571191568	0.196301368712	820.017185139	-49735.295897
0.00111374403731	0.00280244240102	0.00185333718122	0.278021211658	348.562646268	-49733.9836728
0.000983358857904	0.00333009289392	0.00184902419688	0.288110157151	364.989091441	-49732.1782254
0.000857851645059	0.00363722807921	0.00154462622021	0.350106479892	191.178452662	-49735.6476202
0.000941837991353	0.00411690932671	0.00128009766359	0.44991985657	299.628790277	-49735.4297427
0.00106269244917	0.00371026175728	0.00120461375234	0.390172621708	280.725803387	-49733.881425
0.00117915778357	0.00316089214794	0.00196382127704	0.245910154807	665.008127932	-49734.8307675
0.00124528978163	0.00385866872555	0.00177254352175	0.216185773106	666.615243132	-49737.1594305
0.000877332452258	0.00301423332911	0.00221652707113	0.218313426924	336.431463538	-49732.8746074
0.00101832616486	0.00262712035525	0.00184324402737	0.30200629114	262.670489869	-49736.4789927
0.000924872377448	0.00327447876278	0.00186124855717	0.193052863125	405.933643537	-49735.0708529
0.00112439618379	0.00364712500789	0.00128736506571	0.372023498739	244.676437664	-49734.0399616
0.000914732407693	0.00330458567469	0.00153074917708	0.401351427774	186.053457703	-49735.8218664
0.000605817099599	0.0031871963392	0.00208414137003	0.218322824408	216.778453506	-49735.8836365
0.000806277485762	0.0030623731789	0.00226906977282	0.252822260056	249.185225505	-49734.4253
0.000595954712121	0.00270446498033	0.00272713070475	0.194598904151	282.833707815	-49736.5502597
0.00108191170549	0.00341840698891	0.00154689721931	0.312972659511	403.787231564	-49734.4288696
0.00116762349034	0.00305873860526	0.00196029347094	0.249129806839	510.644255387	-49733.1458124
0.00125879735314	0.00306892442685	0.00223703016465	0.221477880758	735.724866627	-49735.1936428
0.00120849694965	0.00270102860073	0.00220748054748	0.221221909216	441.292446773	-49734.2296349
0.00113517697444	0.00296603570143	0.00206101898896	0.296341096747	397.271978022	-49733.66261
0.00107193653857	0.00295582464022	0.00203684617667	0.283209327225	350.788907239	-49732.8166955
0.00127345366614	0.00378081667273	0.00140747280654	0.406492893529	318.557904235	-49735.6076154
0.000924129096405	0.00306491010677	0.00183544774576	0.200520898296	319.139801409	-49734.6515453
0.000935516935534	0.00316318816001	0.00182770155425	0.249497243709	275.387756006	-49732.7386964
0.000982984186144	0.00337386391552	0.00190542408346	0.253855254555	399.330059335	-49732.4222274
0.000891865759822	0.00387417820784	0.0018154744686	0.346872450864	469.995276546	-49738.4791668
0.00110244429856	0.00304876285201	0.00219590571087	0.219570323254	482.742235309	-49732.9650322
0.00108994333033	0.00345219536671	0.0019321435439	0.287692256503	382.634672342	-49733.0399532
0.00099454085473	0.00241343530499	0.00234555695708	0.189385337734	470.621317459	-49735.2516052
0.000872233197609	0.00333631259685	0.00200502729221	0.245683610181	361.751952946	-49732.7732767
0.00107501158189	0.00281128931106	0.00229570608987	0.270031348961	571.306737066	-49734.400811
0.00073031356079	0.00391743093241	0.00136886619671	0.450658806099	190.654224851	-49736.2194338
0.000917272352526	0.00367604273823	0.00161985054185	0.341981284039	280.868739412	-49732.6697154
0.000820225187825	0.00317027850066	0.00203447732371	0.266361107343	310.891320962	-49732.6548352
0.000810518641849	0.00375460155757	0.00206783544038	0.245652898069	373.341460265	-49735.5809427
0.00101695789692	0.00269916046939	0.00220163622008	0.272788142719	317.121629762	-49733.5800077
0.000914955918602	0.00290992489563	0.00182074790923	0.292834713812	280.422129325	-49734.0921387
0.00101129376048	0.00312578903241	0.00171405646764	0.242113090933	339.420759189	-49733.4500101
0.000823280518238	0.00343177941787	0.00184809672373	0.275098152386	307.387421585	-49732.8650572
0.000985573255098	0.00308695404402	0.00226817805971	0.223125396919	511.830400194	-49733.3092043
0.000951269038919	0.00315682770107	0.00173606004155	0.278354004008	282.039418801	-49732.6443023
0.000849886211379	0.00345645751163	0.00205922451142	0.342391913943	367.995778319	-49734.8878675
0.00107147085545	0.00254618231321	0.00231334701056	0.220359863913	481.622882196	-49733.7253054
0.00106060571983	0.00362136170043	0.00177003978916	0.197853023771	557.255928837	-49736.7151082
0.00121997244473	0.00329863966019	0.00199001636954	0.226889111252	454.374587595	-49734.1465681
0.000853053368636	0.0024501082314	0.0026982206476	0.187594528447	341.428892263	-49735.0310648
0.00110758885	0.00324105670788	0.00196086030452	0.305203511836	390.953476204	-49733.065362
0.00114110092445	0.0031928767816	0.00190034018169	0.237448416391	377.138553122	-49732.820772
0.000972321787225	0.0028817959368	0.00199100525611	0.307783829365	297.607403177	-49733.3320221
0.000754829432876	0.00331034139871	0.00226020768749	0.243978479484	445.89242236	-49735.747815
0.000632380154191	0.00260500322822	0.00266875288465	0.217358369903	301.133652075	-49735.6733442
0.000722564242317	0.00247603381749	0.00287419572536	0.193979371239	219.639617422	-49738.2154602
0.00099464953902	0.00378075951299	0.00185118800639	0.27815285538	305.516520924	-49734.9636627
0.000877805350309	0.00352870938648	0.00198460250148	0.264418963884	292.564376016	-49733.7314927
0.000935773219262	0.00293327678869	0.00173855079536	0.385867591981	215.562489189	-49736.467167
0.00126532117276	0.00317958916031	0.00160192136127	0.204416445358	393.331333563	-49736.2600506
0.00122905173257	0.00383006232961	0.001505092853	0.339122921459	391.83750373	-49734.0673883
0.000905162093372	0.00246314305978	0.00222627461909	0.282663907674	231.420895092	-49735.7459735
0.000942276347423	0.00326174786092	0.00152483760284	0.323479235359	249.903721039	-49733.5940832
0.00075238171476	0.00295462793631	0.00185959044539	0.291993901189	289.031701289	-49736.7293571
0.000797788686298	0.00275726174802	0.00221275883016	0.259131342594	291.066558957	-49733.6367094
0.00110514500703	0.00331846369536	0.00154599896768	0.246353546595	498.235957616	-49737.765679
0.00115307680423	0.00316978146781	0.00194615525845	0.238214636312	354.882442662	-49733.5015478
0.00091526873088	0.00353704520483	0.00154496279031	0.354558719868	246.534235744	-49732.7645608
0.00106920020503	0.00342466961629	0.00152192231362	0.249380967699	281.377987578	-49734.2030242
0.000939601251698	0.00380392292542	0.00132057312409	0.382473616234	256.009020439	-49733.355514
0.00111566824429	0.00317512732415	0.00157321167407	0.322496455649	354.524903854	-49734.031026
0.000783343881567	0.00383977776894	0.00122303025984	0.509645295081	184.521958938	-49736.0703406
0.00122525621122	0.00382411146621	0.000992959462118	0.455376048897	295.074982756	-49735.5682409
0.000921261685369	0.00378706534482	0.00133035020124	0.436128289197	236.058043239	-49733.5329654
0.0010266778587	0.00387544948819	0.00207417866703	0.22903840544	491.617194413	-49736.4108535
0.00095537159079	0.00347224142527	0.00178899868218	0.429168298654	247.779411655	-49736.3680053
0.00115814304688	0.00267589738149	0.0020025978007	0.21369263459	347.803817759	-49734.5571879
0.00105680961217	0.00326845121703	0.00173509982052	0.282482829737	347.333815313	-49732.152796
0.000966663475306	0.0029127710433	0.00200787416004	0.217975762195	342.798306934	-49732.9731225
0.000733991417413	0.00311768870914	0.00190942421783	0.244264978766	230.797941674	-49734.2924752
0.000857566307577	0.00396189180343	0.00135181447442	0.526530860627	240.627350683	-49735.6456055
0.000948569060805	0.00360680507955	0.00162959000498	0.307692202181	283.166173568	-49732.4478225
0.00102681514765	0.00361671365808	0.00164235644913	0.312392981674	286.527112594	-49732.7635751
0.00110834473456	0.00345932940745	0.00139493968158	0.297125226746	323.277377116	-49733.7915095
0.000782202013788	0.00309231303221	0.00215128175029	0.287656108944	310.456948689	-49733.3054944
0.000790705863416	0.00294626508684	0.0020961639531	0.246973889204	299.728347353	-49733.3252948
0.00107093356144	0.00300201628091	0.00212277345948	0.193434209618	478.291037693	-49733.3698302
0.000843978494836	0.00325865963109	0.00213291719066	0.279300258048	355.783902621	-49733.0771036
0.00114016715113	0.00330840422742	0.00220265549831	0.276612267791	574.591814271	-49734.8722814
0.00103936108182	0.00312866033289	0.00249730252673	0.24492314417	1058.78517352	-49739.4413849
0.00100549104845	0.00238829873437	0.00242318881715	0.235469031531	353.295690588	-49734.1782442
0.00115529410666	0.00285077836503	0.00195788498884	0.271897472179	391.321930344	-49733.402314
0.00104059575023	0.00335493459117	0.0018086683929	0.310246316876	382.057300243	-49732.4855465
0.0012070653116	0.00404604704574	0.00108330824021	0.484623925986	334.444563552	-49735.7392896
0.00125321869062	0.00298485620542	0.00183208334985	0.309939873301	413.805355722	-49734.8844386
0.000965779560323	0.00316680398933	0.0020038497141	0.165980224474	421.951165015	-49735.6429344
0.000869603531876	0.00290985108296	0.00210197706908	0.209802722383	452.85196242	-49735.3999278
0.000741069701055	0.00336645298835	0.0017111800143	0.383221880734	231.558560872	-49734.7058612
0.000959335655517	0.00324332915926	0.00187101655425	0.268429213081	331.957309831	-49731.9925168
0.00112712413397	0.00442696406494	0.00127415653474	0.350342196446	345.438484223	-49736.0104929
0.0011181184301	0.0031369150388	0.00200225076657	0.22536692909	393.115143574	-49732.8263867
0.00119129329805	0.00315673750911	0.00184409221779	0.190626009955	440.244055529	-49734.6696904
0.00100282092995	0.00365832673507	0.00129507597692	0.368520870868	246.003990426	-49733.3640687
0.000883305300392	0.00294819270715	0.00197655122065	0.285001961013	289.666106841	-49732.9460483
0.000462660348652	0.00231785465035	0.00282314188994	0.160376839422	225.593594832	-49739.4952785
0.00106933512474	0.00379869240846	0.00115594042126	0.440236080886	258.627316366	-49733.630674
0.00109658980182	0.0034358056094	0.0012510283711	0.400942669062	209.455927781	-49735.431922
0.000977644582252	0.00380465314318	0.0011698783592	0.454435509371	221.033569827	-49733.9632635
0.000930133954615	0.00358036208	0.0020614359797	0.234624305046	379.042510666	-49734.0208009
0.00116433413182	0.00252198256135	0.00202062881679	0.237206942184	375.256979622	-49735.1158724
0.000906343673249	0.00393248375805	0.00173901594782	0.26127229669	312.60569613	-49734.9076221
0.000934634116473	0.00251994397313	0.0024845259484	0.169888510801	442.501140474	-49735.0844671
0.000945119241264	0.00339465590945	0.00226954309983	0.209872145406	308.696749775	-49737.121955
0.000942113223492	0.00335576663513	0.00157027094949	0.233840623344	329.886630663	-49735.1579332
0.00117134982003	0.00336791206068	0.00191246976052	0.199170653566	399.517025156	-49734.8926646
0.00104344093227	0.00278760608744	0.0023080267393	0.275101781992	384.861565443	-49733.6789655
0.000995769932822	0.00272271676578	0.00256765403593	0.176601588764	491.688465593	-49734.7859715
0.000693830376476	0.00292444879885	0.00209680439241	0.196125911442	362.511852329	-49737.6594262
0.00105792334452	0.00337662719637	0.00181653604081	0.275092310836	415.990414373	-49732.4505803
0.000940521590568	0.0029082085057	0.00234161977247	0.207109394599	399.238306944	-49733.1035822
0.00110542964719	0.00276564733346	0.00196779576727	0.269611378206	299.795057279	-49734.0594401
0.00103449144253	0.00363898207294	0.00152545804938	0.292390698458	285.795075505	-49732.9430841
0.00112808825988	0.00384156900925	0.00145020650073	0.346467504922	296.828715258	-49733.560623
0.000528242335394	0.00297930430208	0.00226814850019	0.237077328332	268.79104244	-49736.5000673
0.000983089138936	0.0028238750068	0.00169307911762	0.300411917854	251.007438042	-49735.7835428
0.00104606046563	0.00300656577967	0.00191208673744	0.252910910827	434.118037518	-49733.2251107
0.0011022427647	0.00325951521191	0.00212141370067	0.246754167507	565.953084572	-49733.5136778
0.00119008811735	0.0038857481849	0.00102319394919	0.448110437822	276.299876315	-49734.7431009
0.000997339647857	0.00414664897585	0.000887483111225	0.63224905831	204.235251683	-49735.6427721
0.00101115982242	0.00418466784592	0.000949619853587	0.610408245352	248.874337804	-49735.6793359
0.000799691393769	0.0037075581536	0.0016257138544	0.328710378251	237.191526088	-49733.7659777
0.000670242390177	0.0029228013363	0.00222452927408	0.271041708209	188.407367675	-49735.5953662
0.000677268826679	0.00226291809713	0.0026459447041	0.226008917562	229.552703983	-49735.9529406
0.000908162816901	0.00321835301244	0.00173978118485	0.277140496873	322.303310719	-49733.2222781
0.00093988233626	0.00403134018807	0.00171835001216	0.268809921621	348.080735649	-49735.037285
0.00109518803642	0.00322618471169	0.00198951004417	0.314212662521	386.815733876	-49733.3642809
0.000868518754081	0.00293934438442	0.00215019374271	0.270064105347	234.106452639	-49734.1112065
0.00117455861401	0.0032921832449	0.00179173979548	0.277187441118	367.197602576	-49732.8913138
0.000923569411833	0.00235239078926	0.00284073788181	0.198516213465	620.766113786	-49736.4953994
0.000931646615073	0.00248002472376	0.00264944658698	0.265581200671	561.785620208	-49736.463686
0.000974221333164	0.00292047380948	0.00230342101736	0.26499334297	509.567686628	-49733.904919
0.00106696824063	0.00317250980045	0.00197543241866	0.241705048417	415.240240317	-49732.2136008
0.00107383157569	0.00252366726739	0.0019657321707	0.207664064489	336.606747508	-49735.9953916
0.000987365875147	0.00235205782365	0.00241417298739	0.301891340775	293.671866982	-49736.6135057
0.00086577206626	0.00333423694784	0.0019431875153	0.267068058608	197.573487727	-49737.1433443
0.00066652047443	0.00211949223065	0.00279864585356	0.219973765573	224.461529014	-49736.5355918
0.000819542140792	0.00354742670233	0.00206742881781	0.255516396516	280.799384239	-49734.8346809
0.000824309409989	0.00384353124976	0.00139041946089	0.46123238653	232.155827131	-49734.6180497
0.00119349310583	0.00323175527553	0.00168586922103	0.329713328704	339.937602007	-49733.6735055
0.00088460744095	0.00366539566116	0.0015977716383	0.362904004079	320.078197661	-49733.9945923
0.000912968780139	0.00339419098492	0.00193656427785	0.230211079855	391.675043682	-49733.1655467
0.000756332956293	0.00257697634104	0.00251564478485	0.163634727843	317.517806926	-49736.2777982
0.000694117670686	0.0035374848067	0.00178475447702	0.281302111207	248.145284615	-49734.2593664
0.00122182126016	0.0036146024576	0.00148166656395	0.335288679504	374.846065833	-49733.5256101
0.000837672003521	0.00367092765629	0.0017443616663	0.32324920857	312.118766751	-49733.4328753
0.000935928300304	0.00358046254364	0.00221539515757	0.217095769102	459.119990447	-49735.3623207
0.000840514603047	0.00294672879014	0.00234400115902	0.257483896266	322.866072039	-49733.2158428
0.00103823075984	0.00304694327945	0.00170694656931	0.285058337758	223.016121897	-49734.9567932
0.000574043778988	0.00264062238094	0.0024469325973	0.137826055841	199.218842416	-49741.3538023
0.00110385159803	0.00382241578675	0.00162686958132	0.290257678795	430.275090175	-49733.7858644
0.00107208998955	0.00355256883368	0.00179601431226	0.247884264333	544.242016651	-49734.8999591
0.00109506212918	0.00309646434578	0.00148735554553	0.319053417716	265.643064896	-49734.6179865
0.000903491493659	0.0031941512929	0.0018050496463	0.213260130733	284.503850535	-49734.0989544
0.000811658603671	0.00277375078738	0.00242981290394	0.238125047287	252.038514581	-49734.4956745
0.000941550492662	0.0026814044762	0.00200188666919	0.223838590196	301.948111361	-49734.4386456
0.000981943617439	0.00267235139641	0.00237491017329	0.260831334016	340.287907406	-49733.6263573
0.00110096257236	0.00341523138754	0.00175793350151	0.25018044829	284.196368121	-49734.4666154
0.000972980024667	0.00362889053831	0.00200022681578	0.337039744425	398.423925432	-49734.7684094
0.00101336778315	0.00362384887487	0.00183653720173	0.298359706596	438.868940866	-49733.5525708
0.00085422005973	0.00237254766378	0.00269326345194	0.249994353096	391.550648027	-49735.2195021
