isolation.period	migration.period	theta	rho	migration	posterior
0.00130388136435	0.00419221868575	0.00133929957698	0.392700964816	346.303699956	-49736.5877826
0.00107297348855	0.0038752543001	0.00157333435651	0.271397366695	322.738441332	-49734.1240694
0.000976319166201	0.00304288185634	0.00190865076256	0.268351798598	331.785037867	-49732.2896667
0.00132583019906	0.00393254345753	0.000939807141108	0.428454725894	354.33611509	-49738.3944353
0.00101165661522	0.00345836514376	0.0014971254588	0.36389753208	236.961373093	-49733.2801723
0.000997281028675	0.00351905591147	0.0013732395717	0.461326728583	283.338430118	-49735.0949486
0.00117906224293	0.00352903373336	0.00152077900941	0.293286183108	490.912603786	-49735.7742907
0.000857542477977	0.00301301348847	0.00223416852519	0.282631529969	350.444647207	-49733.1290759
0.000817121612865	0.0028266333638	0.00200701904845	0.217648702165	261.086110276	-49734.6270912
0.000700415730614	0.00357545823488	0.00186641555384	0.344840889247	263.149200658	-49734.6510962
0.00125534561748	0.00295200618838	0.00168361480493	0.217159689295	483.765894618	-49736.1193726
0.000926357559381	0.00250057361662	0.00239935949753	0.277949927637	218.689919198	-49736.9351575
0.000876437337476	0.00375777623708	0.00175169854046	0.354977676646	315.540697427	-49733.8272663
0.000615017504232	0.00308949571504	0.00192703012765	0.314252643693	209.341804183	-49735.7741817
0.00113248664412	0.00291159205222	0.0019210911252	0.221003083521	417.09202403	-49733.2670781
0.000934664283409	0.00246471172217	0.00250931286231	0.253403169282	261.961605436	-49735.5060901
0.00105167299047	0.00324404717838	0.00189591609137	0.341635083226	503.78035647	-49736.2608359
0.000990608049933	0.00351269715294	0.00149020014586	0.282055491384	336.674350265	-49733.9497779
0.00113059617259	0.00359817437173	0.00161463084187	0.294717419547	341.324710008	-49732.7254206
0.000929764170582	0.003805672457	0.00131786281866	0.379987306282	223.29020352	-49733.9067988
0.00121368603825	0.00370074882987	0.00142905519459	0.381461349077	301.725631409	-49734.2906819
0.000936739010456	0.00293039783489	0.00199170729056	0.31216439478	306.079710421	-49733.2624439
0.000840630667741	0.00342308708283	0.00215399276689	0.188766845187	331.059074493	-49735.6354827
0.000808920054284	0.003265338533	0.00166273906902	0.298221006419	222.1586593	-49733.9083167
0.00100649104908	0.00337801433732	0.00223305863313	0.305781787118	442.909949079	-49735.1273466
0.00104273400769	0.00263862712761	0.00191838147218	0.238476580215	301.693779104	-49734.8851878
0.000861712032651	0.00389010094861	0.00176192006688	0.383323004223	321.277814094	-49735.2904033
0.000861673761602	0.00277521128626	0.00240307202225	0.275999754633	392.361573496	-49734.075973
0.000827246276704	0.00295267247465	0.00232179458515	0.259293624726	392.68652234	-49733.6633465
0.000965337905185	0.00272596029263	0.00250927738397	0.177777737078	473.147783886	-49734.4492547
0.00105882000334	0.00326876947852	0.00148426981719	0.267321517647	281.363885185	-49734.1635869
0.000994371676508	0.00374711227502	0.00165531650667	0.312305369861	448.0483228	-49735.4617062
0.000989195987562	0.00279049532355	0.00248118784572	0.258261041723	328.148589917	-49735.2640918
0.000943241812645	0.00287202393403	0.00202386394083	0.253575980707	304.670686742	-49732.6796173
0.00103743188106	0.00352327931218	0.00190961502464	0.295590916437	403.00921838	-49732.8599764
0.00087429021295	0.00282223439601	0.00242164826044	0.320811937224	380.404416127	-49735.4694959
0.00117581275844	0.0036894233568	0.00192055769057	0.18991292695	620.520112815	-49736.5950923
0.00120686581223	0.00281834487989	0.00214452741095	0.196334922661	739.845742068	-49735.2154447
0.000832848096428	0.00321465146848	0.00236157423122	0.256673365358	424.799737365	-49734.4342279
0.00110721243322	0.00304435352038	0.00169234420602	0.273234896645	362.130221137	-49733.5286385
0.000762982610563	0.00320921308327	0.00209674865787	0.325556350409	241.030575893	-49734.3809162
0.000955092883875	0.00321011050697	0.001854976287	0.337190085867	253.825054554	-49733.4597323
0.00104852498628	0.00288324913247	0.00202059249378	0.239692680675	262.25150429	-49734.4650498
0.00087211935104	0.00289485654208	0.00210951203426	0.238570925475	247.856263942	-49733.5583165
0.000971297226341	0.00402107138189	0.00160426001066	0.280469129252	413.662884498	-49735.5734899
0.00105921590647	0.0036403891068	0.00166553449487	0.270902158272	487.534476508	-49735.0509007
0.000906315442591	0.00297007888087	0.00223542557259	0.293221353863	295.560218021	-49733.6015913
0.000848158602921	0.00353501141138	0.00128654698913	0.38014570889	233.857079248	-49735.6317582
0.000882317802652	0.00237683900362	0.00256673507148	0.259307965825	230.470762943	-49736.3407749
0.00111236407418	0.00407847167458	0.00132782242648	0.360889393056	349.874522042	-49734.2719176
0.00104408162665	0.00221789047374	0.00224021800139	0.24549569939	261.900639489	-49737.0400658
0.000971390143552	0.00316690811277	0.00204990494419	0.279109446743	265.43315861	-49734.0617278
0.000994535529029	0.00355735262014	0.0016515942997	0.391969919086	259.378741545	-49733.8546391
0.00100290519348	0.00279287912692	0.00210922520373	0.240278912441	359.035620087	-49732.6528615
0.000902407948127	0.00320778046945	0.0020254442447	0.297576838031	297.298182693	-49732.6024762
0.00110003342538	0.00311892189713	0.00200575702656	0.223568306559	594.526091687	-49734.1238743
0.00115921722699	0.00381215689642	0.00192089054159	0.225359709716	520.69357027	-49735.5338668
0.000972023085388	0.00285554423528	0.00185409508187	0.255668920605	306.625306168	-49733.7789408
0.000948786307798	0.00298987461488	0.00208058631859	0.309962639453	293.881602037	-49733.2444104
0.00088579000912	0.00291981535542	0.00242309531766	0.343188822865	336.480389005	-49736.5567178
0.00101256606629	0.00360184298392	0.00172311859216	0.284117556071	334.382392304	-49732.3919278
0.000950673997301	0.00209381745087	0.00267820021284	0.162764804357	477.052179722	-49737.1206164
0.00103614525022	0.00373050850004	0.00181420607303	0.273553865092	364.523599887	-49733.3589639
0.00112568305572	0.00324027719821	0.00156940875734	0.228006332126	300.111829855	-49734.9353989
0.000611617685282	0.00253909353201	0.00266026454316	0.20985126453	299.260982234	-49736.1480848
0.00101145236983	0.00314611260822	0.00214990316697	0.257468575577	397.151116918	-49732.4986533
0.000896821903184	0.00326270492832	0.00197161841291	0.259760379314	263.188458513	-49733.1384785
0.000739468611838	0.00285757447872	0.00223600834976	0.335746018207	243.505442588	-49735.3036191
0.000852515109775	0.00338794287571	0.00198488349038	0.35750081392	456.411810313	-49738.5249143
0.000921518600912	0.00316230447334	0.00188397902405	0.276974746958	258.995245659	-49732.6681691
0.00118979540246	0.00430000670559	0.00147322820093	0.337017717932	323.369920238	-49737.080811
0.00118164825422	0.00337565608235	0.00131828291627	0.467749894459	267.32639819	-49735.7298508
0.000907764410509	0.00372025366939	0.00131002338521	0.604652760871	212.335457566	-49736.959934
0.000756313377396	0.00328796348589	0.00175456758942	0.30026187156	267.944235432	-49734.1027953
0.000991245665117	0.00275678057328	0.00173288806632	0.31998086252	226.229397227	-49736.6118592
0.00105769433985	0.00325746915717	0.00166632030229	0.250105885203	421.667390353	-49734.2926686
0.000873810909382	0.0031851319982	0.00204944179465	0.243010426036	316.638219915	-49732.4522056
0.00123417036671	0.00369299077544	0.00140334773085	0.430787092793	343.418505338	-49734.9534983
0.00107080824408	0.00338098435028	0.00175482649401	0.270072321288	377.530141484	-49732.1953392
0.000975370492348	0.00312614604931	0.00208436402197	0.273204945308	313.756951381	-49732.6843037
0.000927225472668	0.00295287701141	0.0024995607441	0.238045777059	384.94599652	-49734.2420017
0.000734110140094	0.00348767320835	0.00205245554025	0.244440843071	303.678105345	-49734.2456531
0.000823724923905	0.00372944943967	0.00160514028625	0.216882911291	297.620793891	-49736.4934534
0.00110152013645	0.00298618629719	0.00174784961923	0.239052590169	380.563584977	-49733.840037
0.000984269434467	0.00279634711357	0.00211531438495	0.272271280607	352.178298125	-49732.9142193
0.000797679082923	0.00361351620722	0.00184695155789	0.262763145923	278.529371982	-49733.7691104
0.001067017366	0.00337240201533	0.00188315751201	0.264706586171	401.242813833	-49732.2289895
0.00112389175081	0.00299831883841	0.00165340872486	0.301115485192	248.654784413	-49735.0059931
0.00084581986252	0.00395522650416	0.0012332254796	0.430845723397	199.079352411	-49735.3503567
0.000894050396888	0.00348839414232	0.00132236654249	0.433068496098	167.597050771	-49736.8117312
0.00118737206191	0.00293623669803	0.00214799279355	0.206617853125	463.339826056	-49733.7378982
0.00116776980794	0.0033986277839	0.00167244740618	0.327281311769	345.427577752	-49733.0753121
0.00108140928392	0.00390059983674	0.00158844391975	0.300517799011	431.083269712	-49734.3373653
0.00105607402571	0.00377732225316	0.00107297705707	0.679459690027	213.301734368	-49736.5004663
0.00103912072788	0.00367349837711	0.001468149549	0.315269315702	266.497847907	-49733.1576523
0.00111285105979	0.00327293714351	0.00161591072647	0.323697476412	340.445146317	-49732.8581517
0.000865410823531	0.00310733474911	0.00226824156698	0.246933115796	357.301918576	-49732.9518784
0.000958949557819	0.00318215289896	0.00197213900183	0.221279850661	469.830022708	-49733.9572749
0.000979586063486	0.00286493207844	0.00211440462882	0.291363362684	421.880205067	-49733.9323731
0.000644229348751	0.00272282808582	0.00254145202107	0.30113219428	241.267698463	-49736.1093552
0.00039671792965	0.00239423386296	0.00247241130495	0.208924509277	84.2409020434	-49742.3719281
0.000371676213737	0.0020915966043	0.00316058609222	0.194722266268	108.374196363	-49740.2797749
0.000572142945825	0.00230823355567	0.00258765272761	0.223634809059	145.715470381	-49737.7567118
0.000563684945902	0.00280857105464	0.00220602156863	0.262238987382	169.636021941	-49736.6337135
0.000906103782506	0.00338197696407	0.00181925989258	0.276337514699	379.949992209	-49733.3581467
0.00141929224725	0.00356253052935	0.00115011736724	0.369467401585	340.250041797	-49737.5471303
0.000988653979745	0.00372178899118	0.00162507876462	0.36561631264	274.6370254	-49733.3537477
0.000904843958672	0.00309299641281	0.00212340397887	0.235608165671	368.833054937	-49732.4505316
0.00135846196186	0.00289817334211	0.00149141540413	0.269728679217	423.718854278	-49738.4228158
0.000866137742138	0.00321100791326	0.00179817863048	0.337414469235	254.603809052	-49733.06458
0.000994404914182	0.00328532552322	0.00199403974027	0.376116409197	331.583147787	-49734.9982775
0.00110933818792	0.00310081566861	0.00156165160456	0.331292765106	296.15320361	-49734.0069156
0.00116257684617	0.00302321665341	0.00164761803537	0.220566391852	318.367976593	-49735.2383762
0.00112039407841	0.00333768217992	0.00193154803293	0.187410424237	571.098909005	-49735.0898705
0.00116656444109	0.00350280969702	0.00168038730632	0.270217041263	550.390575209	-49735.219393
0.00100827009012	0.00349456139286	0.00179200917577	0.335309914737	479.254847962	-49735.9632352
0.00117806324301	0.00303105759152	0.00218559012097	0.26760289253	395.565009762	-49735.1503162
0.00113050092435	0.00410646822316	0.00123153220582	0.37137879209	322.835851474	-49734.3805102
0.0011885492092	0.00366235600984	0.0012719336357	0.417838509142	270.730957983	-49733.9938222
0.000827907201893	0.00339501552741	0.00163955269178	0.39779108625	224.423432546	-49734.0969065
0.000664736423622	0.00367337826106	0.00163100559499	0.330246878657	199.215556051	-49735.5205023
0.00087714153849	0.00352575711489	0.00183882471252	0.332778704205	279.730085133	-49733.0598607
0.000907417177285	0.00286577254565	0.00205420517774	0.255980437524	320.484267786	-49732.8367218
0.0012271521166	0.00334975078465	0.00141364427847	0.248839778839	348.052309947	-49735.5111045
0.000970994257315	0.00282569749551	0.00240978807419	0.182362022908	579.255382275	-49734.7486961
0.00119064071391	0.00337498562457	0.00186812670149	0.263309739008	684.448116351	-49735.8298244
0.00115157496688	0.00264542923085	0.00221882540334	0.258844317065	438.22334199	-49734.0173187
0.00124462687647	0.00378572418899	0.00114866093181	0.508837774659	267.869852855	-49735.2840254
0.00112682757911	0.0031585603436	0.00188478419777	0.259177775443	305.33318388	-49733.7254567
0.00108921935945	0.00328458769432	0.00181968614376	0.299827737705	326.413891513	-49732.5426517
0.000786409626158	0.00332244052837	0.00161463287376	0.323425647342	208.592970513	-49734.2720585
0.000735877667744	0.00339683977671	0.00177146812388	0.407401133955	208.315496654	-49735.4423767
0.000652317792754	0.00245277372647	0.0023906874298	0.30413377034	243.45010854	-49737.9387173
0.000977632737992	0.00370832536287	0.0017460988144	0.337401401756	392.245335107	-49733.8767822
0.00077117319792	0.00347704154884	0.00156939419057	0.3200429252	253.978060776	-49734.3637135
0.000949607834247	0.00338084672011	0.00185024113503	0.286814391559	293.032421786	-49732.2863526
0.000983789615723	0.00325816317088	0.00184405749811	0.224596081022	342.892660238	-49732.7861681
0.000655352044094	0.00373193406325	0.00182645967832	0.203198822387	292.822024151	-49737.8301129
0.000883800749148	0.00277197551706	0.00215011729246	0.255972935581	327.244683395	-49733.1995607
0.000970081479814	0.00309392618386	0.00174511335549	0.228512769373	291.731175709	-49733.7927777
0.00136256864395	0.00347480839652	0.00114125629984	0.352327567671	322.495109699	-49737.1243606
0.00106617286485	0.00377248470323	0.00131234712489	0.388189674418	336.907814443	-49734.3827367
0.000821092542281	0.00245303349638	0.0024783863231	0.271328654887	271.549678301	-49734.8227488
0.000733035467748	0.00272337823581	0.0022703669644	0.242762028713	287.906319786	-49734.3221389
0.000753727724111	0.00317085938035	0.00199092321769	0.207583314084	327.002485265	-49734.9017785
0.00114869703823	0.00276417296579	0.00203336758879	0.24059536303	358.231455758	-49733.5965106
0.00109061410822	0.00274108706637	0.00255555294684	0.175117670248	868.672936615	-49736.514071
0.000895316488629	0.00323688973413	0.00188393549043	0.279287553415	326.005320383	-49732.3624122
0.00109755684183	0.00329691412918	0.0017554174314	0.257663031385	341.646429789	-49732.4028278
0.000898602303869	0.00346163650086	0.00184285871948	0.268077867952	313.722562179	-49732.4211325
0.00102811028013	0.00363401376047	0.00150673120757	0.323885207346	277.14051924	-49732.6216721
0.00092979203211	0.00260474705499	0.00230080613032	0.220651508182	292.452734879	-49733.6503643
0.00106326206379	0.00254941654211	0.00222168783954	0.183983138209	416.290904197	-49734.5307569
0.00124181831167	0.00264388159927	0.00218672319692	0.235598896309	574.350054639	-49734.6416911
0.0008655317674	0.00253627771443	0.00278914399503	0.185337729796	584.300907674	-49736.512213
0.00102953820542	0.00327849449376	0.00123564964941	0.388792828452	287.996651394	-49738.360082
0.00125522358355	0.00401735650359	0.000916310199125	0.539529087099	270.392945205	-49735.3657622
0.00087678201826	0.00322147757748	0.00194113379065	0.249395725694	272.271818685	-49732.7459822
0.000882413880584	0.00306695403651	0.00186899113984	0.293984271111	293.011639803	-49732.9557314
0.0012812684208	0.00325950222691	0.00137770067115	0.217024309086	376.699215857	-49738.3832029
0.00103510162562	0.00248787622692	0.00237524891222	0.261161870245	473.131120469	-49734.679545
0.000909920128476	0.00358701581237	0.00162627036862	0.348614311987	304.816347709	-49732.9038214
0.000740669761474	0.00325189454346	0.00204164744626	0.261344590047	239.756374912	-49733.7734508
0.00110096134872	0.00258016884787	0.00255585484626	0.237011975019	589.236467403	-49734.7407511
0.000950269357408	0.00316580131859	0.00197742637966	0.251275000139	356.490248218	-49732.1025167
0.000895831985788	0.00312530250341	0.00224911553559	0.256042577191	462.15761921	-49733.7092159
0.00123067001483	0.00334144268706	0.0021009468646	0.274201854244	530.315485945	-49735.2844101
0.000991567171666	0.00327901629118	0.00191714834032	0.181941911896	365.78972126	-49734.7618496
0.001134805848	0.00331055528559	0.00204227025117	0.317484767277	367.429138582	-49735.3744648
0.00105738060129	0.0028314343308	0.0021708698504	0.221792556002	517.809055299	-49733.334484
0.000932576525271	0.00284994784815	0.0022002144715	0.186532589723	368.694714516	-49733.7874004
0.000974968247195	0.00336110961484	0.00177484422327	0.230498245866	451.587643265	-49734.7741728
0.000908577435425	0.00280928943516	0.00218782828858	0.177554188357	426.754646796	-49735.013516
0.0011078501626	0.00365783427138	0.00135760095389	0.333747944373	290.118772157	-49733.0965273
0.00116918176417	0.00321554300639	0.00180337392591	0.267932035782	408.297223687	-49732.6465177
0.000676516404489	0.00393789593316	0.00148502351517	0.366484432689	207.628306661	-49736.2199854
0.000712385125654	0.00337129966709	0.00182534443524	0.296808185606	250.940575219	-49733.7882755
0.000997298480518	0.00358225853567	0.00156712780842	0.42854996995	258.703367887	-49733.9996127
0.00119613788262	0.00408011931365	0.00113062481915	0.426265896252	315.131096818	-49734.5724609
0.0012938370499	0.00362241181689	0.00106404206345	0.408764589686	274.741072373	-49736.00381
0.00112667178264	0.00348303539696	0.0015897386915	0.290897106769	288.664450059	-49733.3856875
0.000984569857881	0.00329545026585	0.00196038253568	0.341532531738	317.134374973	-49733.4891277
0.0011389387434	0.00318011785287	0.0017738092914	0.347245701969	317.120028677	-49734.0430517
0.000869703996484	0.00328678588544	0.00149301948511	0.286903148706	200.360238721	-49735.7053714
0.000834554262004	0.00285587930648	0.00220295568927	0.266737083595	293.651257242	-49733.0032682
0.00100242526621	0.00342871402857	0.00192112855237	0.266860503837	334.564496025	-49732.5474291
0.00109781609593	0.00307594773395	0.00184002891451	0.320805968031	335.380613772	-49733.1618973
0.00113378049957	0.00329560771182	0.00133604144341	0.410773990568	285.59340941	-49735.122391
0.0010692144065	0.00349828723619	0.00178788443994	0.239798860812	427.419792574	-49733.0056326
0.00115939529769	0.00284451504418	0.00213931515327	0.225118744601	467.410978917	-49733.1019599
0.00120489596641	0.0036895407598	0.00171272632745	0.362904130236	461.584146086	-49735.351608
0.00091166291122	0.00298904978668	0.0019234896995	0.306624432808	326.240917976	-49733.5625125
0.00100215165565	0.00302713207989	0.00201378609549	0.309335710023	386.060115826	-49733.2125531
0.00103833848647	0.00355355260067	0.00152543311772	0.314717322563	341.561813324	-49732.8210966
0.00101446954038	0.00344862325505	0.00176421541839	0.432303939836	354.556725644	-49736.0407579
0.000951818236126	0.00343364305886	0.00168062092291	0.239638522102	426.606749485	-49735.4924041
0.00125489386416	0.00399924807183	0.0014406898882	0.337747586005	340.722524481	-49735.3908945
0.000884171181322	0.0033131178183	0.0023283258101	0.198494588697	389.642785622	-49735.0455149
0.000873776130078	0.00279044981905	0.00253135143299	0.278985628564	412.630497977	-49734.7376467
0.000865842131829	0.0035200134839	0.00173958563258	0.277701270701	276.097727663	-49732.7776353
0.00127933023474	0.00254929166646	0.00224215276402	0.167265714393	430.426041441	-49737.6094076
0.00110465831896	0.002672678346	0.00242758347921	0.249072757681	485.554295896	-49734.0940221
0.00111241985868	0.00345109792452	0.00168256886991	0.306465459257	438.654799082	-49733.495638
0.00146287267991	0.0021160805232	0.00217122964157	0.237056344073	731.041827902	-49742.3445036
0.00101934629889	0.00358034663403	0.00203638760746	0.256072255747	410.272108334	-49733.7099597
0.00108740473165	0.00353888099539	0.0017408861293	0.296668890218	349.766708818	-49732.4704752
0.00121023861711	0.00299125684529	0.00190450961076	0.251156599342	416.508914338	-49733.2949668
0.00111781449821	0.00294797367621	0.00198256765711	0.240387321242	460.39807672	-49732.8949571
0.000973819026705	0.00277694285783	0.00184201567565	0.212378405031	310.870270556	-49735.5401059
0.000928079726158	0.0034177742218	0.00188753296892	0.384505354359	261.771469548	-49735.0603654
0.00103547214083	0.00311245071153	0.00165455258161	0.282351228	322.44281807	-49733.3225497
0.00115766787598	0.00376712348717	0.00156034827199	0.337795476809	239.567062174	-49738.6250956
0.000956328440601	0.00391389652295	0.00120732550881	0.567527809749	200.100567951	-49735.8867276
0.000869637890805	0.00341111612094	0.00177446612737	0.29331791704	332.266458054	-49733.052884
0.000794282655812	0.00407620519363	0.00134128978624	0.448440060833	274.210375589	-49736.7950534
0.000574520264279	0.00326860958651	0.00199228989453	0.217816338022	219.485932038	-49736.4517138
0.00067759425486	0.00307701786379	0.00251668101643	0.235071136333	298.733172434	-49735.4940855
0.000775941845193	0.00255675324347	0.002762740605	0.232521137907	372.979129258	-49735.2841415
0.000991889627041	0.00257996164618	0.00228521509514	0.263882908806	339.217243919	-49733.6760603
0.00115160180605	0.00343580371578	0.00220450173966	0.238145266067	464.269781092	-49735.8156711
0.000989558597672	0.0032690350072	0.00183891862934	0.252169045234	383.570092729	-49732.4805582
0.000858640459583	0.00333060233064	0.00186635627203	0.260029743563	238.575115349	-49733.6413826
0.00109955856195	0.00273389860388	0.00239703498568	0.239764703328	510.366806838	-49733.6748742
0.00097578049972	0.00415976537266	0.0017910539531	0.247540405418	396.940853267	-49736.5886421
0.000885960473237	0.00310411352863	0.00209537296052	0.227701673513	331.776934876	-49732.5809667
0.000920082771187	0.00363456124245	0.00173294047149	0.297189474917	300.307459589	-49732.6219515
0.00112989695638	0.00325261964346	0.00217742620861	0.279868937164	551.648513902	-49734.3721026
0.000911355198255	0.00274838935355	0.00250390271314	0.220456808704	679.313642353	-49736.5408198
0.00120671566917	0.00249500413423	0.00261552678297	0.237784197865	1003.16487736	-49737.7755992
0.00108416488671	0.00314606910593	0.00221771547265	0.180965750695	512.223515942	-49734.4158108
0.00128204822743	0.00321501589437	0.00184915032504	0.259508876584	457.370804028	-49734.0932503
0.00111914941636	0.0026396021091	0.00203140540892	0.280096608744	362.546341325	-49734.4986939
0.000807830102257	0.00324622910233	0.00164200440234	0.305245569684	185.515148511	-49735.3387533
0.00119946611671	0.00293729308957	0.0018476312768	0.258288206189	494.45668869	-49734.2581645
0.000996834253949	0.00244195046946	0.00268987836651	0.230447412784	386.471424752	-49735.0802903
0.00086554953895	0.00259277931114	0.00236015612757	0.264828897978	262.853964723	-49734.1413119
0.000880278894519	0.00335844498777	0.00155865556282	0.392546218546	227.538510021	-49733.8701677
0.00116733264978	0.00372767690838	0.00113490452151	0.35190418374	240.801587642	-49735.9028413
0.000740476529693	0.00356060961455	0.00194356884334	0.236607028432	378.667802357	-49735.7431092
0.000864686513905	0.00295917913793	0.00210048331868	0.231878645193	296.540358068	-49732.7850266
0.000846804338341	0.00284369514227	0.00253409713062	0.235184651064	334.493811242	-49734.175032
0.00105103925418	0.00338705682746	0.00169201386858	0.312990439817	345.715208524	-49732.2330599
0.00111672020628	0.00335736339507	0.00165787562702	0.268121039138	342.661898225	-49732.5341475
0.000824228347205	0.00280412665755	0.00207859166649	0.252157948496	202.272216707	-49735.0084977
0.000483185319302	0.00345168665486	0.00201355921214	0.257576637074	246.372446749	-49737.0687791
0.000910694228357	0.00343252983607	0.00168528031879	0.302368953849	254.871096117	-49732.5929228
0.00109341763985	0.00382307519315	0.00181315387424	0.259550762823	401.087570512	-49734.200841
0.00076538775184	0.00312473950172	0.00177909243542	0.245091737226	224.330188325	-49734.9751429
0.00094335323145	0.00294336775252	0.00218902760001	0.263067480496	336.873322979	-49732.4877776
0.000800207990832	0.00221774967517	0.00234091241574	0.224899868762	224.853269369	-49737.0550958
0.00074474659982	0.00366460118696	0.00204518719326	0.274067027482	260.603697308	-49735.9500159
0.000486000078872	0.00207986482777	0.00298831189285	0.196756347622	208.019619446	-49738.6245226
0.00121082746973	0.00294159398225	0.0022754310859	0.211014049911	428.34083643	-49735.6447646
0.00125580275122	0.00338372824152	0.00181031538915	0.194184869485	459.805928346	-49735.6061689
0.000860917906983	0.00331283700549	0.00212110557517	0.299911003263	494.652405383	-49736.4205919
0.00118655436391	0.00323067740786	0.00179985937255	0.208298796414	359.90286027	-49734.5984688
0.00114114928971	0.002992236693	0.00185437852892	0.212802481561	441.743647899	-49733.7632664
0.000652435858433	0.0034012192578	0.00254771241289	0.174687482167	313.556214854	-49739.9309354
0.0007694383227	0.00363131496157	0.00172939290319	0.338172459642	202.727129783	-49735.4488967
0.00112257170117	0.00251184341122	0.00243851877782	0.210050258587	401.009968622	-49734.6224182
0.000696646924261	0.00311043904706	0.00207473569641	0.204581595584	165.789570765	-49739.3958004
0.0011178773038	0.00366110209337	0.00117701628656	0.512970158435	287.254501027	-49735.3277791
0.00100600003887	0.00360353538049	0.0019894035077	0.226531361613	440.949012085	-49733.8958143
0.00087874750886	0.00352023871779	0.00206496003206	0.238199811048	375.801299654	-49733.6905456
0.000993318190677	0.00321290709992	0.00185347307621	0.220495486183	310.187130012	-49733.132971
0.000925199396478	0.00271008807921	0.00260340764806	0.156587125385	417.215903012	-49736.1784922
0.000905069135698	0.00379408897165	0.00146975200131	0.461154286885	234.612554627	-49734.4772904
0.000729435999002	0.00350871950005	0.00185916924409	0.276951277338	260.578317824	-49733.7519827
0.0009607724644	0.00294557511036	0.00221050199578	0.233956290335	480.479654157	-49733.2552474
0.000991370648385	0.00280550748421	0.00188689238899	0.209368915179	288.441815282	-49734.793605
0.00089365152504	0.00348634569307	0.00182262570393	0.328010938674	323.965221827	-49732.8232926
0.000735703480035	0.00365985389038	0.00160961979005	0.37041415051	265.058021877	-49734.9302293
0.00101163617871	0.00303700177662	0.00183207385695	0.260251659714	343.7625682	-49732.6599326
0.000830120255113	0.00292573362317	0.00220294450362	0.248366026879	345.892524341	-49733.0524398
0.00112828957695	0.00329489805878	0.00177012465422	0.199256693459	468.773615763	-49734.6058624
0.0012576189071	0.00349460449247	0.00140522244215	0.333573344523	321.722918224	-49734.1474532
0.000860984232296	0.00342717583851	0.00208055175144	0.223577345809	323.091075456	-49733.8684566
0.0011712982335	0.00401340220966	0.001357807192	0.469045060803	297.387259477	-49735.3968672
0.000811266551216	0.00343562485929	0.00196674597842	0.225851603118	294.77800668	-49733.8481523
0.000961421473459	0.00286290733548	0.00185011858351	0.245421203409	200.640619615	-49736.3101712
0.000856463047648	0.00365089153207	0.00166190812997	0.316613591487	273.667203643	-49732.8984159
0.000675602975059	0.00289901000971	0.00231139348223	0.314858892953	268.831276351	-49735.2904697
0.000975265211421	0.00327645046618	0.00160731767794	0.369431392473	243.238425049	-49733.4219843
0.0010384061086	0.00381685115797	0.00141197052714	0.286761543607	316.218958541	-49733.8748355
0.00088429923387	0.00343591141055	0.00169152753924	0.325126446008	282.855973445	-49732.5375018
0.00098067350086	0.00323059389999	0.00167933909031	0.369270355389	337.037389177	-49734.7026572
0.00123969592775	0.00367790125249	0.0010810266366	0.356698679795	266.101669246	-49736.2584747
0.00105322921735	0.00373481918855	0.00174819191462	0.226383630376	386.531895593	-49734.2422073
0.000854473708954	0.00336411777944	0.00196099345141	0.227774341607	280.216796703	-49733.6361021
0.000908127211533	0.00291669045799	0.00203791464658	0.341662417647	207.56184384	-49736.4866652
0.00121047268029	0.00331316042877	0.00149765033963	0.265733597418	331.398173273	-49734.163701
0.00117107741199	0.00372557458163	0.00126203840485	0.359196038724	292.17311578	-49733.6544454
0.0011095894285	0.00292097000881	0.0018666737945	0.263652243543	359.72498048	-49732.973786
0.00069843865824	0.00337163289133	0.00169351139426	0.235966051178	255.668868748	-49736.1472455
0.000908792628701	0.00292812609684	0.0024700164927	0.182644269331	410.858479048	-49734.5597271
0.00108730238771	0.00356774740209	0.00186379349422	0.209778607308	341.861127012	-49735.3249471
0.00109306979122	0.00362176432813	0.0015611296996	0.24150238183	369.062294199	-49733.9321989
0.00114503753169	0.00324738394372	0.00184613810797	0.213497795605	551.943639155	-49734.3792486
0.000904397392204	0.0028521078384	0.0020640639318	0.241697165256	292.597225846	-49732.8867055
0.00119244216783	0.00315273310228	0.00153315899397	0.274587513975	267.163634329	-49735.3145735
0.00109298594385	0.00346749987198	0.00165259383352	0.310590230688	274.488884129	-49733.4888171
0.00118720933664	0.00300000941432	0.00174185321755	0.303668465322	344.489218708	-49733.9084815
0.00115252901319	0.00294145063478	0.00223429830409	0.190415545009	685.410043172	-49734.5223974
0.00118316409425	0.00299940699791	0.00248905761706	0.237141566455	999.15700274	-49737.490703
0.00121033322226	0.00277644016165	0.00247605633043	0.196477528652	734.410384464	-49735.4484988
0.00104162405082	0.0026145551961	0.00234629317279	0.20574991139	406.523581233	-49733.381408
0.000783451153239	0.00320997687459	0.00195002521353	0.294901160731	284.524463671	-49733.0794496
0.00112282001715	0.00371156326653	0.00160657521686	0.381721057913	318.391207776	-49734.0028334
0.000987926897207	0.00379469461947	0.00157799468737	0.306431717468	352.191288017	-49733.2284009
0.000964744229003	0.00274047216406	0.00219496734798	0.220415284226	306.946422909	-49733.199021
0.00108283865516	0.00270295317658	0.0026088467081	0.329010698508	596.650299838	-49739.3232988
0.00086981467207	0.00343555285187	0.00202731081112	0.261109622343	370.443816221	-49733.0515722
0.000855777561914	0.00330914825674	0.00178145447008	0.297223636749	270.339369199	-49732.5318176
0.00112701152855	0.00395042929537	0.00172109530166	0.309556694233	325.897652593	-49736.1046094
0.000859679126218	0.00342318971319	0.00212457557979	0.281513598685	396.481200372	-49733.8390125
0.00114143793014	0.00307970286997	0.00193307197219	0.30313529221	459.128586726	-49733.6499235
0.000910440021474	0.00350248766304	0.00173084714492	0.287033226956	272.282929608	-49732.5805741
0.00125069592464	0.00317696091626	0.00177324289778	0.217505102475	495.027753417	-49734.3361998
0.000970573440961	0.0032943994366	0.00194153291466	0.275563126368	339.161137162	-49732.0351513
0.00114147131393	0.00385455685674	0.00124496831983	0.327053109944	328.999247833	-49734.4738471
0.00111268303715	0.00331653975968	0.00158397649639	0.299260075279	410.350945991	-49734.145784
0.00112818937913	0.00325630991601	0.00217633934772	0.307875762947	529.68982039	-49735.2224495
0.000839702422879	0.00356949203792	0.00204311596977	0.256101415445	346.086613354	-49733.8316998
0.00126485674438	0.00264715086316	0.00254608789568	0.207967223825	544.196358611	-49737.5074967
0.0010512709458	0.00274069227609	0.00187770325925	0.273621809447	419.585411303	-49736.1329896
0.00128558867966	0.00365559709437	0.00161889503761	0.261907540185	439.479335719	-49734.6363751
0.00117390342042	0.00343439002431	0.00127747024222	0.398324751854	288.742546992	-49734.309017
0.00102272065776	0.00237389904204	0.00224919032789	0.19750651179	287.767719613	-49735.6437839
0.000956381607878	0.00283644931769	0.00228411832055	0.244879848448	469.037893246	-49733.3539478
0.000484650619618	0.00245615919422	0.00285731094015	0.191750485799	230.139657497	-49737.7505513
0.00100029857622	0.00303526549097	0.00190147802838	0.307803354395	352.091034905	-49732.9816138
0.000877335182451	0.00294071089571	0.00200820541911	0.258929457786	330.57863762	-49733.1378133
0.00120653356776	0.00342317013164	0.00130948446803	0.45046770123	293.571443204	-49735.3072643
0.00107142691071	0.00305016882925	0.0020827837884	0.296712187219	357.231216261	-49733.3159911
0.000964596061731	0.00370396249292	0.00169772770948	0.26991130174	282.102457172	-49733.7369351
0.00117434617258	0.00326991993119	0.00186248146116	0.248089573598	614.000865909	-49734.7164277
0.000807242196258	0.00314146999838	0.00213383793544	0.243635402698	305.816867583	-49732.8593338
0.000988443892994	0.00251142002865	0.00268226750296	0.226641729036	460.243026428	-49734.6082383
0.000878545669741	0.00278899234126	0.00237514797862	0.211312238709	453.279595589	-49733.9215292
0.00115544532027	0.00346397750684	0.00121294008385	0.30323171419	333.476499117	-49736.7314891
0.000684083083169	0.00392944668717	0.00152334280856	0.318299812763	298.503815915	-49737.8973611
0.000919583492937	0.00332198221077	0.00189160414851	0.278001892419	262.50170412	-49732.9294205
0.00109219924573	0.00307982938584	0.00217686544514	0.336605014348	428.12768119	-49735.5323346
0.000966481068145	0.00281261433356	0.00215098727639	0.308319993313	282.818687856	-49734.1133913
0.000775047393892	0.00308261188395	0.0017241438973	0.287933863515	243.542956053	-49735.1850669
0.000825873496224	0.00366688615161	0.00151648648599	0.305135931196	229.463600688	-49734.0868871
0.000647223646099	0.00341873315513	0.00222677448767	0.289787097152	312.90087284	-49735.7929091
0.000919914712981	0.00362406675226	0.00196789940763	0.184968412325	440.879623301	-49736.1158805
0.00117463944219	0.00295783471729	0.00170885321241	0.226638552729	365.140576226	-49734.5410799
0.00099814746135	0.00324912987494	0.00154740116032	0.29021713793	293.878739299	-49733.4696726
0.000885598781631	0.00377321805456	0.00189480500325	0.361963368487	291.178026695	-49735.5909314
0.00091468444392	0.00377244050689	0.00148377550407	0.46657452421	292.018295238	-49735.215769
0.000874366450545	0.00315017130703	0.00211555710178	0.241375719671	292.288060762	-49732.8758594
0.00105120921542	0.00281963238195	0.00225525890608	0.222942516707	445.575894653	-49732.7317626
0.00111495173655	0.00213521554679	0.00273292632631	0.21553438655	409.129295333	-49736.6054294
0.000828634369276	0.00283229810498	0.0023428108379	0.249715459861	454.397069674	-49734.9799087
0.00115336442728	0.00284405874085	0.00234160475278	0.1727748379	630.341721087	-49734.9490051
0.00107363450444	0.00333588308502	0.00190196323599	0.302917577253	362.993932678	-49732.6103144
0.000800111278701	0.00287041400373	0.00228716309617	0.262707612354	289.52942031	-49733.2294416
0.000818574716537	0.00334930657449	0.0019735053256	0.274455222919	330.484001699	-49732.9387134
0.000794673607744	0.00314225736859	0.00198966903127	0.256265286173	291.480047549	-49732.9498835
0.00110156058529	0.00339140096239	0.00193477756883	0.276433569409	461.637735906	-49732.8415306
0.00121284547326	0.00291297854826	0.00185164409131	0.237200498802	417.068010955	-49733.7449914
0.000697390703144	0.00281222641278	0.00253323461789	0.273935622046	317.669212917	-49735.1280555
0.000870202272044	0.00327557699117	0.00191355798067	0.241427322872	350.449996401	-49732.9735609
0.00123917397096	0.00382318143726	0.0014457352344	0.278202303508	337.071005551	-49735.2063448
0.00114732889997	0.00373691519347	0.00121769342291	0.348564129075	290.023363424	-49734.028071
0.00120769755857	0.00266821374951	0.002056136159	0.260958082207	411.464321998	-49734.5370368
0.00113703772247	0.00367069437151	0.00150840889788	0.350207297922	332.2005707	-49732.8647769
0.00102308079878	0.00276872957355	0.00234512364234	0.224747247797	507.053074022	-49733.2278668
0.00109479135503	0.00305885128731	0.00209659136715	0.299229314182	347.562591822	-49734.070301
0.00075195909134	0.00296049526806	0.00202164817115	0.229386924084	210.229087425	-49734.974463
0.000947651190312	0.00299026066832	0.00169303520145	0.271187736149	195.415230245	-49736.1307767
0.000744602586646	0.0027027326043	0.00236227515489	0.258634126769	298.152432518	-49734.1712189
0.00110328946991	0.00318954202782	0.00189069978986	0.265782217627	528.70880396	-49733.9596387
0.00104580527498	0.00291258161825	0.00211148493502	0.189625050095	460.480669056	-49733.6208372
0.000945664696523	0.00296325834042	0.00231702707839	0.209173370649	318.390004291	-49733.9989502
0.00112194080463	0.00276609651319	0.00255793741982	0.166480948449	610.024743327	-49735.9320007
0.00111722967684	0.00269951597765	0.00252089327515	0.211935167273	585.483874847	-49734.3884784
0.000865366201291	0.00336300825881	0.00153271982467	0.423839559607	192.733735198	-49735.377633
0.00105214984969	0.00329819348244	0.00186799945437	0.243099978838	304.291686902	-49733.1865668
0.000976872068927	0.00313606961916	0.00252914957459	0.265886631146	553.749327247	-49736.0990116
0.000849249062607	0.00290645620642	0.00242901420374	0.272502748057	302.214675482	-49734.2894499
0.000833344708506	0.00348027595227	0.00151956072274	0.373098548636	173.250186569	-49736.1973736
0.000679133514161	0.00331035391765	0.00173062685638	0.349942708373	206.572112071	-49735.0843638
0.000961585808651	0.00321662889034	0.00200958125826	0.24800954553	366.506503468	-49732.115198
0.000581434368183	0.00290471617103	0.00250734971097	0.228179985608	359.09272608	-49737.0380359
0.000946951985283	0.00298928107088	0.00159102313648	0.374007356544	254.400325043	-49736.5840368
0.000708115205475	0.00368908956182	0.00177254705676	0.276943743909	284.791761478	-49734.7866689
0.00123290103189	0.00306256742269	0.00174675157163	0.294585284262	435.488593022	-49734.1627008
0.00102643598193	0.00423360340744	0.00051400796351	1.04025388352	192.969614278	-49739.4140609
0.00121833967112	0.00440011532764	0.00068960839057	0.912683796534	243.796903154	-49736.8216984
0.00135738592562	0.00467045373479	0.000724423584339	0.738430382029	293.335068324	-49738.462203
0.00107894346599	0.00373992115719	0.00110371150958	0.457670973015	218.622586898	-49734.5118975
0.000980979096196	0.00289170571924	0.00192985302575	0.288850750973	289.547635805	-49733.0646398
0.00106199971885	0.00341032037975	0.00164608082128	0.32025492143	252.703423541	-49733.7079327
0.00110606717666	0.00331426848161	0.00177638163341	0.308610102758	408.517021629	-49732.8081684
0.000980854315746	0.00316065460584	0.00228902697177	0.202562530288	425.986147798	-49733.7353353
0.000840449377586	0.00291615666334	0.0021844805822	0.273228206933	386.951383866	-49734.1046175
0.00106993370115	0.00196883562144	0.00249715320927	0.212896999368	436.621829776	-49737.2802181
0.00116630822334	0.00266143022203	0.00184322861924	0.175379331348	430.065577719	-49737.7720249
0.0010064172699	0.00355960124466	0.0016296879206	0.269635698921	383.744737549	-49733.377485
0.000823243164428	0.00284949850886	0.00199276542921	0.317261730234	226.77552839	-49734.5936519
0.000826032618715	0.00356606052454	0.00213834006401	0.238006102671	333.41179084	-49734.8231348
0.0010614376165	0.00257299821691	0.00236666996593	0.262373226767	395.343290492	-49734.0463167
0.00101649079336	0.00363531399559	0.00175884398233	0.22239570817	350.345543201	-49734.039997
0.000742342880795	0.00246432246294	0.00259262105779	0.292785855325	314.293354384	-49736.2939229
0.00107116641862	0.002193151308	0.00276738345301	0.171306499935	617.26445094	-49736.3684911
0.00109897525463	0.00292223430278	0.00237122420595	0.230569688753	814.437847765	-49735.6275557
0.00112746932988	0.00187623754546	0.00289403420911	0.210702104337	995.085677226	-49740.1253424
0.00125534526971	0.00384601591338	0.00151196792836	0.286750318237	437.135221653	-49734.6272911
0.00111385404454	0.0036174275111	0.00154055215285	0.358891127588	411.345414831	-49734.4818522
0.00110941591382	0.00288370948339	0.0022828655217	0.228319209616	513.388796085	-49733.1374564
0.00111731065586	0.00315841391987	0.00176246203849	0.3333312915	276.816628805	-49734.2623365
0.000869392051777	0.00319002268407	0.00197250613282	0.208743523596	372.651698037	-49733.8585664
0.000932816726826	0.00302536157252	0.0019814013839	0.226452221867	287.142953528	-49732.9672998
0.000793834853879	0.00331564864984	0.00228219787805	0.254978913342	391.44970978	-49734.3929892
0.000802497866049	0.00322977555969	0.00206424589455	0.202995602848	335.900171588	-49734.0873197
0.00118898094188	0.00204338994379	0.00243884637181	0.180432099786	330.325611432	-49738.5515729
0.00100604321402	0.00285619085236	0.00246904056371	0.22431310862	527.926453261	-49733.7411389
0.000954288437234	0.00338982346071	0.00169358685993	0.249267057419	352.981015852	-49733.2907972
0.0011848430179	0.00323428528342	0.00206059592815	0.318160890916	541.97524456	-49735.3439844
0.000869623826267	0.00309713642878	0.00204818416744	0.298673731239	408.431683484	-49734.6975081
0.000997829740128	0.00329775052736	0.0018722852654	0.264219793588	374.583967895	-49732.0917773
0.00132264723243	0.00329303919365	0.00145781322669	0.313283170938	273.958317631	-49737.5581416
0.000920221213031	0.00355207758265	0.00194720799479	0.28087011463	342.973620195	-49732.9341832
0.00116051600593	0.00299842330411	0.00188689378306	0.251047343469	358.160974069	-49733.066736
0.00110209268081	0.00354416142374	0.00159880799792	0.31813437058	467.514236085	-49735.3068852
0.00116188518163	0.00404665757515	0.000933131488016	0.316941974989	282.789872025	-49740.5994775
0.000971141915232	0.00395102407328	0.00139728379579	0.389387533661	306.672939639	-49733.7517799
0.000853197706628	0.00299498148258	0.0022511849671	0.21946402375	344.066682934	-49732.9723454
0.000912860046991	0.00321448042256	0.00219062853431	0.281507870849	375.517576052	-49733.0766868
0.000875449418262	0.00375314891001	0.00152714944959	0.358136574161	233.963706848	-49733.6014052
0.00087809468125	0.00359715963159	0.00138512956753	0.398524015062	211.270844037	-49733.9148946
0.000908016969297	0.00368670070136	0.00179971391397	0.300998814413	344.82975966	-49733.111218
0.00103112536442	0.00289197065172	0.00215173303433	0.305841573141	331.461017464	-49733.8563824
0.000915523325524	0.00234691172915	0.00279380131498	0.203464962133	361.003516547	-49735.2789178
0.00109908737544	0.00304911980943	0.00216164598857	0.200843797461	490.100869621	-49733.2348999
0.00110420909393	0.00283453714862	0.00185600049046	0.224562969718	353.913375551	-49733.9144413
0.00112044755889	0.00334872922873	0.00158737172057	0.342547395393	408.667865261	-49734.5975342
0.000735732022769	0.00263327208262	0.00259446569916	0.254082658011	463.467903338	-49737.3443312
0.000802398949713	0.00359131804972	0.00154764527487	0.42284828415	230.979305796	-49734.3212785
0.000962608826768	0.00307662500273	0.00216676964231	0.222676052123	424.552671368	-49732.6221583
0.000873824681527	0.00339304220649	0.00181110820221	0.268705127067	331.799853482	-49732.7856098
0.00110803281864	0.00316773597887	0.00211282294233	0.221179026106	427.231924074	-49733.1114329
0.000882353098958	0.00333995084719	0.00199616355317	0.27248871488	304.986320325	-49732.5286977
0.000880278123403	0.0037054925677	0.00188833431147	0.239209820289	385.15762599	-49734.3239799
0.000976751472829	0.0032185290338	0.00197771244419	0.240934570987	394.351625007	-49732.296746
0.0010906566638	0.00365923263292	0.00178098840402	0.299975495119	345.62122498	-49733.3868127
0.000871654459044	0.00334945480096	0.00156113593442	0.315649042823	258.075012246	-49733.5333045
0.00106539756346	0.00322723581116	0.00202344859911	0.182786985254	356.752027658	-49735.0525455
0.000502304836729	0.00218049872011	0.00314355985991	0.185986498524	201.317116476	-49738.8233726
0.000714475040001	0.00340476165308	0.00233689256473	0.216670218258	391.063995748	-49736.0792902
0.000713302452076	0.00253884258018	0.00262878681384	0.219780715087	308.691193114	-49734.8776009
0.000486161259729	0.00345021578959	0.00218491842733	0.213122497647	196.294167833	-49739.1508238
0.000507696579856	0.00281951678639	0.00227001045697	0.292270346133	184.234871016	-49736.9294945
0.000693189659021	0.003052365544	0.00217120739552	0.250483649862	270.050464601	-49733.7883057
0.00112965541901	0.00252246607542	0.00220879852052	0.229737520208	455.100157467	-49734.0984842
0.00068463021552	0.00332490148198	0.00192336818664	0.269439943577	204.266099685	-49734.9207434
0.00105423292646	0.00416888427523	0.0010442996855	0.42140854413	230.815323203	-49735.991913
0.00080979825749	0.00360279549191	0.0015636270163	0.371000740711	268.254211079	-49733.9852874
0.000664794419608	0.00380197853525	0.00166892322274	0.306407668275	242.456129537	-49735.45072
0.00090084975606	0.00414827650508	0.00151514961166	0.493047443043	295.965325478	-49737.1426998
0.000805283027824	0.00327316615029	0.0017112613868	0.296991880335	224.229397302	-49733.6112868
0.000514339205585	0.00295807019506	0.00247156251244	0.256127744967	228.981998592	-49736.2231789
0.000861142863645	0.00261686186651	0.00251958624609	0.237182870307	406.422215726	-49733.9994732
0.00106702487485	0.00296933148898	0.00238592287961	0.224864762542	313.649317126	-49737.0571423
0.000894035829101	0.00275345085466	0.00223626143647	0.161997632431	444.67305453	-49736.2666546
0.00110221090875	0.00295737024801	0.00187425004034	0.270730700643	349.745234334	-49732.7737136
0.0010912719288	0.00411156182517	0.00073772125323	0.598692747001	242.296565041	-49737.766119
0.000865018866241	0.00410770471641	0.00145707319999	0.371438738536	262.099090106	-49734.8239184
0.00069375667671	0.00280560654791	0.00195399301958	0.224767928646	233.726142635	-49737.0409113
0.00100208564333	0.00376748389955	0.00137466562269	0.332479535263	268.52796352	-49733.1989073
0.00106896341832	0.00291144015323	0.00226419237728	0.256478771745	472.645027267	-49733.0731888
0.000672134955463	0.0036501056287	0.00170845606696	0.298476284296	229.017841377	-49734.8731685
0.00100365985601	0.00312084243541	0.00212417807388	0.310175918808	414.745458904	-49733.4947325
0.000981722504767	0.00331655271157	0.00173096217558	0.293713697174	338.709330868	-49732.3355537
0.000693711757236	0.00324659507225	0.00187841173378	0.326536886144	246.395087416	-49734.4386614
0.00100627703851	0.00273896852561	0.00221573923379	0.221778619699	337.93136029	-49732.997629
0.00101519596053	0.00307840237447	0.00224867901677	0.195881016947	441.439582679	-49733.4700406
0.00101247491903	0.00312853432089	0.00217763068092	0.269486655908	331.194116664	-49733.6070719
0.00104354248956	0.00311499756537	0.00186462919994	0.196442419759	354.186279429	-49733.9639323
0.00137269092184	0.002886884925	0.00182286762824	0.281973758397	449.972790013	-49736.8069405
0.00107588723135	0.00365261778595	0.00179370049294	0.333526377965	465.598947234	-49734.505116
0.00107687729215	0.00287291544483	0.00187072869585	0.29159082049	288.621453552	-49733.7242078
0.000897731936067	0.00334226662965	0.0019708429327	0.280689515059	301.695143804	-49732.4634191
0.0011419557872	0.00397334540621	0.00125771609151	0.412032395916	259.026952696	-49734.5027947
0.00115565103873	0.00382200399168	0.000835560464836	0.58408346927	232.743096085	-49736.0004339
0.00101463492134	0.00401358543046	0.00121648316918	0.457271427995	204.717827273	-49736.137032
0.00137970192126	0.0031667477411	0.000988202226564	0.375446662113	296.441427381	-49742.3621982
0.00097973290697	0.00346396406547	0.00164610877884	0.254657082486	359.480704642	-49733.338382
0.00110257762108	0.00303166385237	0.00178702059887	0.284316137438	368.764600278	-49732.982274
0.00105255946711	0.00364511275499	0.00134749612081	0.384379080611	202.794036121	-49735.8520748
0.00113037964598	0.00366301420841	0.00125859072259	0.429217192468	268.951830142	-49733.4929663
0.000790591760089	0.00359525994555	0.002079821228	0.30412258763	350.756000817	-49734.8808666
0.000939650518537	0.00303785797596	0.00182298280305	0.295732507212	316.741921268	-49733.2224162
0.000887644406966	0.00364874375896	0.00165134967617	0.430474781676	275.116388131	-49734.4407011
0.00118069639117	0.00343331181853	0.0016727962608	0.311004864381	363.891537575	-49732.9511039
0.000997973588084	0.00423902708177	0.00124877941499	0.4012693604	292.601295366	-49734.8136422
0.00111352901	0.00368771009042	0.001210628421	0.453685479736	267.127089272	-49733.6676722
