isolation.period	migration.period	theta	rho	migration	posterior
0.000925865121812	0.0007265154554	0.00332344267962	0.162881192375	38.4216481603	-49526.1516424
0.000470140070457	0.00279538864856	0.00228203928671	0.269381467978	75.6023876981	-49519.1200432
0.000837675936356	0.00305215127598	0.00168807307834	0.265089755026	205.383774191	-49503.5738058
0.000931313208795	0.00334134932928	0.00156041489299	0.354808667189	248.95356928	-49502.0008571
0.000725900189128	0.00365941034361	0.00147817860116	0.355110878581	181.080391572	-49502.9023191
0.000962560866165	0.00375594988356	0.00123724786982	0.411176746383	246.226163408	-49501.5457739
0.000870430772228	0.00367752339834	0.00119871362548	0.455650255021	208.686278407	-49501.4388453
0.000836474638288	0.00377912121927	0.00116619401894	0.451027274595	179.786033785	-49501.9796076
0.000814830824558	0.00378762681689	0.00113414617816	0.429833869545	220.028880092	-49502.236174
0.000715034500328	0.00342260822664	0.00169379928338	0.315021309577	213.288742531	-49502.3126979
0.00109181622234	0.0035247502591	0.00143883421249	0.265594776735	361.845799082	-49504.3403633
0.000856515508167	0.00438628516805	0.000655780617041	0.63938516902	194.631377466	-49506.2631902
0.000925471432684	0.00383266349886	0.000717675036079	0.830242920016	185.025978889	-49503.409829
0.000835777027459	0.00386516367828	0.00103753809099	0.456030512	201.657639757	-49501.9986764
0.00111801130733	0.00384899444678	0.000614262468493	0.919150832273	175.460829578	-49502.7520394
0.00100541295071	0.00379695621932	0.00066586034389	0.99128756926	163.024194482	-49503.3448366
0.000911216630282	0.00393418145353	0.000732169330705	0.867379267284	155.473954754	-49502.9867439
0.000976739478821	0.00414699542598	0.000557334793658	0.834137148646	198.586564004	-49504.3546424
0.00117707903919	0.00374795887227	0.000553749452524	0.93526722242	174.795079968	-49503.8784285
0.00113307011198	0.00378029290946	0.000824306471771	0.707537099489	235.191684365	-49503.5004937
0.00110152706396	0.00379514805808	0.000864561761657	0.514516733251	227.351953502	-49502.4950006
0.00110256502041	0.00365300832645	0.00142644268676	0.353189072014	277.777717541	-49503.2520004
0.000869927547045	0.00330535255875	0.00115173221892	0.399734582427	212.055966201	-49505.3179265
0.000965152537246	0.0038632967901	0.000826396084999	0.497869369234	197.727908376	-49503.1014373
0.00102298073562	0.00439037975238	0.000770225923272	0.565382308023	215.536302767	-49504.9486905
0.00079427269867	0.003454551622	0.00150730963003	0.342438283007	217.027356292	-49501.6900337
0.000733085190288	0.00360111083011	0.00162387729367	0.332724120622	248.268858096	-49502.5348586
0.00114255421033	0.00392842903772	0.0011395059935	0.397567903857	268.412474197	-49503.4110828
0.000779463339963	0.00421204464488	0.000709693424595	0.8644131787	176.706532845	-49504.733812
0.00116658068788	0.0036123029343	0.000787127030595	0.721708858559	215.799392025	-49503.8498241
0.000668130900131	0.0029110098725	0.00209126106266	0.231275750277	237.479090274	-49504.4400405
0.000885989597001	0.00362699778935	0.00149926315549	0.306507549108	313.465424296	-49503.1499567
0.000953619096768	0.00368573641953	0.00142727914616	0.328548764815	235.911345522	-49502.3701694
0.000742785310305	0.00370514587411	0.00130896581076	0.291698914861	192.726851249	-49504.1741045
0.000859140731574	0.00410598822506	0.00102613257363	0.407319357466	181.358891826	-49504.8412256
0.000788278280212	0.00386443535019	0.00103876545056	0.382984198279	204.342301988	-49503.6740627
0.00102521541464	0.00327734528877	0.00154180530903	0.283995119088	232.97950218	-49503.4708652
0.000878984007248	0.00402827914161	0.000929810171194	0.486715167199	234.67661847	-49503.6115557
0.000622976991348	0.00387523203738	0.00106103941986	0.469780227429	190.443617611	-49505.1144715
0.000829462232462	0.00386019947607	0.00103840419973	0.567655477064	198.123144606	-49502.1923154
0.00089474236157	0.00404954934717	0.00115537280136	0.461226680795	223.365015061	-49502.3696396
0.000771471402412	0.00360865777809	0.00199696595059	0.281971420537	300.599337392	-49505.0374907
0.000835794334376	0.00357223449055	0.00135245526002	0.360381087406	203.140496636	-49501.6187408
0.000953968500709	0.00359868984396	0.0009501032916	0.559040453232	192.034109057	-49502.415257
0.000817053391446	0.00376743893613	0.000906606828626	0.557524744869	153.088691547	-49503.3110982
0.000757027416282	0.00410931399595	0.000708666589982	0.585482456534	161.05873892	-49505.9886671
0.00100205360277	0.00380946668054	0.00100692262395	0.643483780684	161.839732466	-49504.9783684
0.000922472818223	0.00400686980903	0.00110062498307	0.463204962117	182.183149485	-49503.7101834
0.000729336161051	0.00383713881958	0.00142599354353	0.379166815025	205.09409011	-49502.6512243
0.000578342204534	0.0038419540085	0.00138071175443	0.404794386531	142.202979593	-49506.1040506
0.00054230530522	0.00380173499601	0.00130235387269	0.277212248702	186.343352921	-49506.9012936
0.000918019732936	0.00391585955418	0.00109145542181	0.474942974486	221.716728851	-49501.5999863
0.00110557002105	0.00381624987646	0.000821780606673	0.597077416387	202.451571039	-49502.2024241
0.0011201764557	0.00408311872452	0.000584410825584	1.13625117273	198.532334664	-49503.4544409
0.000940457652009	0.00436112552871	0.000477386196918	1.13721698312	175.405670214	-49505.065957
0.000873287277558	0.00436359011829	0.000834727247699	0.544339344271	211.870147088	-49504.6902053
0.000734473161383	0.00397956317038	0.000928238433865	0.625907873325	172.38147941	-49503.2146571
0.000520624490121	0.00410496539897	0.000962754861813	0.513658567109	132.8168601	-49507.7709087
0.000762475745205	0.0040533907873	0.00062190339545	0.85940679024	149.996888852	-49505.0701297
0.000749583132256	0.00376978466962	0.00100741624981	0.546465832412	174.760568171	-49502.9339276
0.000783825843406	0.00356602639986	0.00132482997405	0.285670223342	192.024258419	-49504.0576744
0.000909703672893	0.00391839418599	0.000970718508911	0.43423696979	217.649627679	-49502.599882
0.000899724466285	0.0040018360041	0.00127373364861	0.475050648714	220.591088931	-49503.2255411
0.00107512899391	0.00373822011578	0.00127162225008	0.384656435144	266.335203178	-49502.3058518
0.001084696464	0.0034901853344	0.00142741753514	0.368755858443	300.798915144	-49502.8961249
0.00102419619135	0.00347311065505	0.00137639644196	0.38459261004	348.849359534	-49505.9292255
0.000948838834745	0.00338567125238	0.00114886913519	0.439385932324	201.307537752	-49502.8501631
0.000606006600062	0.00340583420522	0.00126393692181	0.408807634777	159.807818388	-49506.2931377
0.000887351583296	0.00375579821571	0.001275044519	0.337091898051	293.755773978	-49503.8429807
0.000687561866825	0.003112820707	0.00164884595027	0.289493423605	234.12619251	-49505.0185335
0.000678214182002	0.00315170613627	0.00179202655788	0.317459324507	236.344356012	-49504.0016615
0.000828268924378	0.00379730901605	0.00122117963242	0.435596860345	198.115913714	-49501.6155053
0.00112768073738	0.00375650643413	0.000837807334611	0.432894709338	237.179879922	-49504.6779527
0.000731042765839	0.00366659278766	0.00132865133615	0.391450358309	183.566638835	-49502.1425978
0.000677015659987	0.00375607181652	0.00145665133872	0.289130045766	266.470880396	-49504.7752326
0.00065217056004	0.00356852258799	0.00163659366357	0.388902059143	172.228013144	-49504.185774
0.000667637768517	0.00342370204885	0.00141455082891	0.378331889362	152.861441789	-49503.9771483
0.000981031287006	0.00356887932977	0.0011981049294	0.49227390919	217.617853428	-49502.0631407
0.00107243828438	0.00357035669084	0.00140760017799	0.264701565746	303.986328417	-49503.7811113
0.000997446985553	0.00326056740851	0.00149615526179	0.380341185298	204.090071644	-49503.6989585
0.000783194603892	0.0034466697205	0.00164511665569	0.323092384612	227.102591548	-49501.9054566
0.00118236289704	0.00328993152868	0.00185359580315	0.287577271863	346.229088757	-49506.7802287
0.000826361117328	0.00389285564809	0.00123216922278	0.392997479673	237.000386619	-49502.2309223
0.000767904576789	0.00382442072829	0.00107639746895	0.54312312015	191.290847729	-49502.5718248
0.000915505250521	0.00358964352006	0.00100996897373	0.412705105626	187.138289609	-49503.2497656
0.000881493072297	0.00363974025781	0.00121616929365	0.388291230926	187.71787322	-49502.0548608
0.000974808109307	0.0039694097718	0.00114289395734	0.345947475707	215.624033931	-49504.1641727
0.000943593323173	0.00392652251503	0.00101143368719	0.550436241179	225.429413969	-49501.9761521
0.00109780327046	0.00324550356803	0.00143315016921	0.37288522265	244.268930938	-49503.5813703
0.00085774365001	0.00386777499014	0.00125462589729	0.35108275015	217.952817595	-49502.3822176
0.000563213896036	0.00327810129016	0.0015822902652	0.243915223394	152.902508561	-49507.2453514
0.000631380316097	0.00382392832191	0.00135165724814	0.367975008389	214.545854238	-49503.6389776
0.000529753544897	0.00355844782044	0.00151820708299	0.352221790648	213.55754984	-49505.600915
0.000790203960865	0.00337188371838	0.00154260059165	0.302539095905	191.614793849	-49502.6476181
0.000757746633431	0.00340417636801	0.00164559508568	0.331726684936	190.888496047	-49502.6639325
0.000473263122019	0.00333263195876	0.00184350556337	0.346008168269	183.866311445	-49505.6272076
0.000586101500517	0.00362664952225	0.00148011425977	0.336958165225	219.158031858	-49504.2687686
0.000872846731547	0.00431537012494	0.000724923385966	0.626308663451	184.066712439	-49504.6620104
0.000820067063781	0.0037423781125	0.000947167548442	0.584232717757	158.80245333	-49502.7506428
0.000631895039807	0.00393702191871	0.000874152376783	0.754684811629	123.748098299	-49506.9007463
0.00112092658763	0.00391787625374	0.00118353055269	0.316182572171	259.275961348	-49505.0372796
0.000717624319049	0.00398947363562	0.00119975045316	0.461854380125	203.278341386	-49502.9706064
0.000499067978909	0.00403928450033	0.00107897647951	0.396175136929	155.401030375	-49507.2806911
0.000998838399828	0.00400759279233	0.000820148176697	0.519949783437	199.564110165	-49502.9271216
0.00085048845549	0.0038502452025	0.00116461099667	0.449451560141	236.988620632	-49502.3184537
0.000844834732623	0.00379976640028	0.000956557578235	0.508354651243	161.149270103	-49502.8635335
0.000935118639926	0.00434754728591	0.000979124722769	0.578186765731	234.436332087	-49504.3858372
0.000708459679398	0.00307679155581	0.00211170496188	0.248330010481	273.074032744	-49503.7588433
0.00068985392157	0.00344855473182	0.00121956366282	0.273821386702	224.427754923	-49508.4998008
0.00101324510846	0.00362223850127	0.00148721683354	0.297484220419	324.534404536	-49502.8539556
0.000939727660795	0.00344472205776	0.00114932392641	0.450730899822	193.277578875	-49502.3670065
0.000821680870374	0.00349732039548	0.00141109028806	0.31330233753	194.012438674	-49502.5566717
0.000970424398707	0.00342911639845	0.00148103556316	0.307760428078	243.317259	-49502.0325982
0.000941727906357	0.00370660801407	0.00148241637671	0.361157455624	328.521124195	-49503.8608611
0.00102553567803	0.00254365958655	0.00230949917268	0.252775290571	398.956433417	-49506.8054704
0.000802589822095	0.00367289504073	0.00187003615254	0.233710215605	356.667304466	-49505.2224556
0.000875151325148	0.00346285142229	0.00115816291557	0.391105892203	139.963430776	-49506.2195105
0.000750944921713	0.00292586458643	0.00202764536323	0.241548858413	220.823933213	-49503.9413726
0.000936900232225	0.00260555512127	0.00190167401051	0.192248654286	284.401267547	-49507.176025
0.0009498512094	0.00311833422067	0.00157364393025	0.287850755949	294.0319753	-49503.5495826
0.000927717535143	0.00375662482865	0.00148014556	0.295447861937	255.585389588	-49502.8944016
0.000734039305168	0.00374963920645	0.00135083213685	0.391601003106	202.665669019	-49502.0363886
0.000976962463306	0.0037327780642	0.0011266497679	0.465538679238	206.620806622	-49501.49617
0.000767381730054	0.00343036612939	0.0015682125235	0.225368465246	231.100326105	-49504.6088778
0.000904819405434	0.00385759404945	0.00158565732478	0.256345498498	266.135710898	-49504.9346929
0.000863403152845	0.00348396725874	0.00143414155539	0.413355694102	230.767644948	-49502.0937124
0.00105173259997	0.00366639891408	0.00113531024631	0.376920921461	253.875881026	-49502.2484512
0.00109776796214	0.00332633370361	0.00170145948638	0.281048392122	352.13561145	-49503.5827671
0.000809531946754	0.00398546615134	0.00121720515394	0.303762813118	319.208843534	-49507.9300929
0.000483855207758	0.00382294531759	0.00122722871201	0.283041225218	164.215093473	-49508.8826661
0.000705047873302	0.00393358657987	0.00125973696474	0.407860298349	197.914180698	-49502.775197
0.00113720922406	0.00385484466811	0.000656135682393	0.873724048737	228.009106939	-49504.199277
0.000762841491781	0.00412922216109	0.000907759845196	0.620010807663	166.23744491	-49503.4675946
0.00108540163882	0.00368463652853	0.000945817416068	0.526776318256	255.255117049	-49503.3456705
0.000719969512683	0.00365268867146	0.00145741126599	0.391458585214	192.004120261	-49502.3124002
0.00109920539118	0.00419000319826	0.000715182562259	0.718179657455	239.51473433	-49503.7431765
0.00101239806767	0.00364755026614	0.000717365579304	0.791456366618	192.701106225	-49504.2755874
0.000904297239442	0.00405611623727	0.000668297914263	0.729284397079	180.377277636	-49503.1325207
0.00102654458737	0.00390927212613	0.000995889440452	0.45647785354	213.253722778	-49502.196838
0.00101008106858	0.00379958363294	0.00117899754727	0.525314544211	244.285280424	-49502.7674917
0.000741770727093	0.00328602410227	0.00140626535666	0.328479411821	183.347159559	-49503.6859093
0.000559267376603	0.00330215373703	0.00190602241364	0.270488552464	288.935634346	-49506.6146776
0.00093798274338	0.0033222082051	0.00174645306886	0.322788266679	281.32769809	-49502.5543098
0.00087293343361	0.00395393309028	0.00100968615343	0.469886703504	202.926364086	-49501.9506027
0.000671526530257	0.00305111743464	0.00179252022519	0.348417760118	186.884850447	-49504.7148525
0.00102195933971	0.00311027463949	0.00131524195548	0.295919100491	166.854100357	-49507.9182933
0.000782854023272	0.00362209137982	0.00145391562967	0.340031108823	230.484801714	-49501.786978
0.00119352805658	0.00352207051745	0.00112500954953	0.390643143405	289.07698348	-49503.8995083
0.00115977580762	0.00387188539279	0.000699024566314	0.847709367247	196.999021411	-49502.7771524
0.000850078763821	0.00393931852767	0.00100733952178	0.5589278343	162.379183718	-49503.0174325
0.00139533957567	0.00367824783699	0.000782551404219	0.492923597355	249.983392811	-49507.9242401
0.000967347348913	0.00394286339688	0.00108463520607	0.543511070997	200.618922594	-49502.418941
0.00106180269479	0.00391638018363	0.000943511473859	0.468612287634	214.766672676	-49502.4987227
0.000885285205819	0.00361040248387	0.00142872211215	0.29173268297	300.014179717	-49503.2273345
0.000674630338247	0.00350980196838	0.00146921905426	0.397236382941	198.507761636	-49502.9251421
0.00098930266705	0.00338528569066	0.00142181561584	0.306483905285	207.125280852	-49503.444624
0.000773917223811	0.0036206217011	0.0012673060469	0.473382580165	197.362848902	-49502.3915076
0.000846788331467	0.00411265808713	0.00093890809242	0.50823274525	197.846307563	-49502.7389163
0.000724705909577	0.00329681566319	0.00150119843822	0.396397787582	263.795426156	-49507.9575806
0.000684936688068	0.00338913776329	0.00173233148674	0.27847847949	218.292668859	-49502.700276
0.000632326133903	0.00300483374964	0.00213619690582	0.208698000946	306.0452141	-49505.8405547
0.000928297290568	0.00377821153149	0.00152011309518	0.262473489767	292.237299423	-49503.6596699
0.000977224654499	0.00334302349313	0.00172253003755	0.309904479488	311.26310239	-49502.6482693
0.00096483184453	0.00361563362967	0.00121606854607	0.413375353139	252.009373343	-49501.9044058
0.000860198606176	0.00387867937229	0.00172534122548	0.32486503522	258.721513509	-49505.4576355
0.000627014186191	0.00369309942132	0.00153033048289	0.398218285565	183.041550726	-49503.4954329
0.00049078449918	0.00376149531918	0.00127833895159	0.39278514802	163.727363064	-49505.5507818
0.000612318846154	0.00395358504009	0.00137154405963	0.281667915108	270.104767773	-49507.4393237
0.000693259909066	0.0037090374646	0.00128005201652	0.458955667245	157.708790152	-49503.3279377
0.000758234875042	0.00352708377438	0.00156520050245	0.261775246103	276.764196564	-49503.5729119
0.000819597566198	0.00300731660218	0.00200194863897	0.240368201449	258.620761992	-49503.2646534
0.000796377404904	0.00380968978463	0.00113085583313	0.51239822901	205.048188274	-49502.31631
0.00112458744582	0.0037332176658	0.00138915674117	0.419052630589	279.118643842	-49504.3547893
0.000826030988121	0.00287303788086	0.00189220859304	0.251024475267	319.621571384	-49505.2216853
0.000708088730748	0.00304490678198	0.00196901386448	0.290251719906	182.371693112	-49504.4631357
0.000720054958466	0.00315223514911	0.00170407198692	0.285168826644	187.331806485	-49503.3928453
0.000657031717234	0.0035140356196	0.00163354504491	0.309919138156	202.204346158	-49502.7002983
0.000823347374228	0.00396989644311	0.00120812872437	0.408462228644	223.091448584	-49502.2463633
0.000941306546856	0.00305839962963	0.00167400223703	0.289596985873	280.87764075	-49503.0581735
0.000762727060239	0.00337286008199	0.00159945303089	0.322074119839	198.557674956	-49502.2063967
0.000969072136483	0.00370563192405	0.00105886935851	0.757343135839	192.420757645	-49505.8972398
0.000780364951704	0.00308984126683	0.00199812142296	0.258069652149	240.102295626	-49503.1730626
0.0010617931407	0.00356395913866	0.00185887197783	0.250964811603	459.565522779	-49505.5653265
0.00103078896942	0.00315150392339	0.00175736790674	0.252062297299	305.062385521	-49503.2228031
0.00103606853163	0.0032681488205	0.00118331524869	0.285075243622	258.976385461	-49506.2446687
0.000991570761086	0.00358373530362	0.00125195057739	0.391286925716	216.516260407	-49501.7269098
0.000821711852335	0.00324565872902	0.001776799365	0.304357182808	274.062097842	-49502.4929113
0.00059833473973	0.00269673118177	0.00213843422707	0.235134448874	192.23333448	-49506.5921341
0.00105385167849	0.00425121162502	0.000863406685689	0.685583110248	223.520717064	-49503.5940046
0.000956298175535	0.00399905376667	0.000878106231423	0.59775363221	237.767895975	-49503.3681645
0.000990800201998	0.00378133003894	0.00119594265432	0.425117106175	230.748224046	-49501.5697211
0.000746379339656	0.00357504254826	0.00129845970954	0.447545014475	190.800094766	-49502.4324922
0.000830991106399	0.0036614757574	0.00150856783248	0.345420091985	244.304404861	-49501.8245984
0.000987447648143	0.00402384065206	0.00097298050812	0.620317328126	203.730288002	-49502.3950225
0.00108028869592	0.00371890636408	0.000748215945808	0.909019150344	185.852079537	-49503.849306
0.00101970633599	0.00436752456147	0.000585447402893	1.10219988038	202.746902204	-49504.8354868
0.000967808930818	0.00402645440354	0.000685111021212	1.05776522405	175.26000828	-49503.666615
0.00115697644878	0.00408431464681	0.000733755048464	0.720598597569	196.392464473	-49503.5169469
0.000984891646664	0.00420389214057	0.000988899860928	0.465567087072	225.40601957	-49503.3319068
0.00101816405825	0.00409667950818	0.000966214195885	0.483947451901	206.022062709	-49503.1948262
0.000765982918175	0.00364701785073	0.00147581053466	0.400036683425	202.752439106	-49502.2094979
0.00108252101476	0.00346646808612	0.00115888485095	0.405507453276	233.95648608	-49502.43867
0.00101355486521	0.00337713876607	0.00117273451733	0.430598921495	202.753456295	-49502.726431
0.000818505964362	0.00314219801152	0.00139925993757	0.428400874768	173.491597392	-49505.2888408
0.000750938129457	0.00378706329799	0.00103990334748	0.47389743848	163.156000773	-49502.9404993
0.0010202790861	0.0035677589145	0.00105676454993	0.405237248267	220.343046615	-49502.4593445
0.00127376117672	0.00364344800197	0.00109412990183	0.343728493484	379.319029112	-49507.673309
0.000757852419323	0.00431829723933	0.00102984937808	0.504508168035	233.732821196	-49505.799555
0.000809073778045	0.00375235750581	0.00131743145093	0.42523786191	234.922520928	-49502.2366743
0.000794007334495	0.00326612640994	0.00182025568945	0.249737444302	264.34536222	-49502.6447361
0.000901422776737	0.00380317321351	0.00125851627245	0.368036352087	199.398701676	-49502.6581782
0.000849239753864	0.00380946061819	0.00109765787917	0.487990361509	179.153590641	-49501.8533368
0.00096060102917	0.00385064057966	0.0011048536098	0.333120099696	229.358286695	-49503.6261608
0.000894137706005	0.0037208506509	0.000996852437632	0.532954823461	174.662129799	-49501.9175734
0.00108985967967	0.00414500286554	0.000553259934908	1.32935950759	191.202221013	-49504.4721563
0.00118786812565	0.0039248139933	0.000521680600225	0.985088700131	203.326762909	-49503.3861461
0.00114746805937	0.00413552945831	0.000869996181615	0.562639434835	232.637329489	-49503.4250299
0.000912917840393	0.00380351172996	0.00112354124056	0.495364435767	176.577553916	-49502.5519534
0.00111051268143	0.00357523561373	0.000709018865149	0.625387047929	168.366692228	-49505.2540303
0.00112011038355	0.00375686145301	0.00103522083833	0.397747548334	299.713599015	-49504.2310535
0.000786570896987	0.00383254573881	0.00106906064549	0.478257880265	204.677087428	-49502.4241795
0.000931915925275	0.00346433893899	0.00114266941339	0.491500084634	225.131456885	-49503.4809467
0.00109245139794	0.00390127959865	0.000726141666713	0.721472791134	229.147715146	-49503.1262383
0.000908680853421	0.00404930292117	0.000697546509418	0.830984448158	219.853862006	-49506.0324423
0.000942758121416	0.00347979721552	0.000973323082132	0.465649110831	154.14842215	-49504.9660661
0.000874921671461	0.00424181646352	0.000723630352447	0.552352273095	161.816515569	-49506.8171017
0.00117312164639	0.00361752453468	0.000698855069272	0.899993436542	195.705773011	-49504.5728718
0.00109068690081	0.00364164000985	0.000926885390197	0.685917348223	198.913764375	-49503.3479265
0.00111098228743	0.00384290386643	0.000473437122317	1.06907693092	195.151820463	-49504.5313756
0.00108304561543	0.0038812529622	0.000798449633365	0.736878798907	208.104760684	-49502.2195072
0.00104376320909	0.00390983807338	0.000791606709722	0.737530658166	212.491244901	-49502.3386822
0.000848993935455	0.00403988605393	0.000655214069748	0.987766291654	140.727825348	-49504.3269069
0.000923929289318	0.0039629370867	0.000637206428554	1.09491673631	157.145248195	-49503.6656375
0.0011976069589	0.00392389089178	0.000663310626602	0.741759455083	199.627249824	-49503.2517479
0.00100504267253	0.00412525723254	0.000643737051958	0.915095940765	186.873211346	-49502.5310895
0.000936115168892	0.00388746721322	0.00120265905043	0.468910218475	230.572906849	-49501.9050328
0.000942444240091	0.00386862303572	0.000918663988578	0.554586015869	176.677709034	-49502.0532472
0.000825592736803	0.00424766955394	0.000739308736113	0.661977822097	172.164753697	-49504.1603458
0.000854051153094	0.00360851461495	0.00109984170388	0.52279163698	182.261376898	-49502.1889636
0.000852688262327	0.00361979142781	0.00108935510616	0.586116163859	157.210275548	-49503.4549047
0.000741261689578	0.00404552886961	0.00152190924548	0.433249911601	210.93804258	-49506.0963955
0.000818992669285	0.00372660793757	0.00124564933641	0.35361047764	189.065665683	-49502.5921243
0.000695054431317	0.00357310585941	0.00179181003019	0.371008803292	272.302035434	-49505.083372
0.000821174129425	0.00348557458583	0.0016263900202	0.25661975839	306.128069917	-49503.3980475
0.000896515503588	0.00341319544508	0.0011368921914	0.486162456917	161.033505978	-49503.7427043
0.00095006569096	0.00319829832671	0.00167584208112	0.286581725641	215.486065982	-49503.5146848
0.00081304761177	0.00373441410074	0.00147908758085	0.407236399143	237.17633799	-49502.4978042
0.00107600681083	0.00379576551793	0.0013881708184	0.374794878511	281.67499931	-49503.2071857
0.000773655533645	0.0032885482329	0.00150507857968	0.274526660105	193.581555706	-49503.5920885
0.000926332765977	0.00413635257678	0.00114922768078	0.564604330423	227.411374083	-49504.0693278
0.000949130456134	0.00327102769584	0.00159660307091	0.286125094409	287.255018752	-49502.3202701
0.00106558910772	0.00394035096431	0.00111188969126	0.488943970113	205.810349368	-49503.8673916
0.000918528819545	0.00371977164776	0.000812811396154	0.509742974028	173.272371882	-49504.1639461
0.000985128844341	0.00353753688104	0.00133193813131	0.345498027483	237.776264864	-49501.7178968
0.000784508751462	0.00324604755988	0.00158216820828	0.263974977954	219.330441675	-49503.1227033
0.000876971449594	0.00409215612409	0.00115773041282	0.335422352016	309.912697299	-49506.5764402
0.00111829487264	0.00303971295905	0.00187723692014	0.282598008539	376.281030071	-49504.7865955
0.00083209474187	0.00329660386239	0.00214057839032	0.288101819247	279.87427201	-49505.2902839
0.00109478221007	0.0029076944182	0.00195878522423	0.243117948894	324.601250837	-49504.9559928
0.000784394834791	0.00303235284076	0.00185598196744	0.269931524017	209.616636005	-49503.2738935
0.00105787743218	0.00299192986123	0.00155650052592	0.281283571329	225.855739365	-49504.8641285
0.000695194535512	0.00330035065418	0.00198447586094	0.26464490853	253.949847155	-49503.3239812
0.000677043923688	0.0030694934143	0.00211048720484	0.249785757395	271.362331332	-49504.0106805
0.000872706367349	0.00387910089212	0.00155505211272	0.31033946586	341.365734422	-49504.6974252
0.000843371845321	0.00378367153933	0.00119517127565	0.444660132696	207.157041702	-49501.4623699
0.00100321688296	0.00387548964305	0.00115516984129	0.545041948602	250.123827596	-49503.2300832
0.00101378741781	0.00328777675882	0.00150421537118	0.350998051998	223.269538905	-49502.9323536
0.000901657268041	0.00333370531403	0.00158888736066	0.301245601953	229.486807657	-49502.0346916
0.000943191058687	0.00415882915392	0.00128287825947	0.498356661881	272.258122447	-49505.3614
0.000864543195996	0.00400096291101	0.000937952008557	0.654151468674	179.5142675	-49502.3440057
0.000858151872936	0.003532807085	0.000996060983789	0.499190751889	157.965523617	-49503.7908497
0.000738708635143	0.0031854836002	0.00204067486321	0.34297951037	244.964127562	-49504.7904173
0.000864692900232	0.00350502983369	0.0017073411543	0.280200451714	242.223779252	-49502.8215279
0.000725283124401	0.00333495985989	0.00153024359084	0.361392420241	178.746107057	-49502.8364672
0.00087199756339	0.00310574782711	0.00158397874499	0.308157323089	175.601406397	-49504.3286063
0.00081324347328	0.00286395204444	0.0017703312769	0.232355131018	204.937847203	-49505.2923054
0.000932265801087	0.00300393833073	0.00170969195103	0.285379157456	254.500137131	-49503.0537597
0.000934468961641	0.00312883610741	0.00172169925141	0.338242145117	236.499114302	-49503.0898317
0.000681295421684	0.00363174148252	0.00138965221232	0.414645114569	156.064884616	-49503.6660576
0.000837205847168	0.00372665637136	0.00127240353524	0.476061216688	196.702187359	-49501.9660366
0.00107106616273	0.00338835827056	0.00115512958143	0.366469282587	181.778602256	-49505.1687426
0.000907579723966	0.003095480135	0.00186326590844	0.209692538165	349.093977283	-49504.2503975
0.00103815053459	0.00281397119489	0.00223267185835	0.162047983815	365.001818759	-49508.1374713
0.00081971482575	0.00360189870957	0.00156794976346	0.26354940862	320.102540918	-49504.0960571
0.000792238597016	0.00393239946601	0.00100652973312	0.575396635346	189.33077414	-49502.3828338
0.000941102001007	0.00424549905011	0.000746311669671	0.540804346634	226.700052282	-49505.1256353
0.000760755498036	0.00428367955176	0.000629678503507	0.766164556645	160.809821806	-49505.8323777
0.00111744477979	0.00362370507364	0.000722206538744	0.78046533804	159.63471645	-49504.4942981
0.000871187038271	0.00425172676324	0.000604904012714	0.942789324643	188.957612205	-49504.7149994
0.000818403480305	0.00440573740481	0.000727554172565	0.840445474363	154.362334994	-49506.3502429
0.00110129750406	0.00382153671368	0.00100044425817	0.458152886852	235.45964707	-49502.2224011
0.00111473305932	0.00337441614674	0.00147090983163	0.303501735557	298.62058695	-49503.082752
0.000765193158019	0.00369467543534	0.00147306594729	0.410188441743	209.107089959	-49502.3860083
0.000617748044961	0.00395265429871	0.00130861581628	0.515539823852	217.290455397	-49506.5676686
0.00100956170561	0.00363278113234	0.00125465946189	0.51976413494	227.523267551	-49503.1458276
0.000996990043851	0.0041498190965	0.000811566515915	0.644166143861	212.123452989	-49502.4231006
0.000992092448491	0.00384865883224	0.000971595530252	0.599077082426	165.6386316	-49503.6694294
0.000940677024491	0.0042441762627	0.000814132956551	0.712425625984	181.579480275	-49503.4607486
0.00093065838596	0.00391776608786	0.000692613265751	0.966995365156	156.945551437	-49503.2398937
0.00108086227725	0.003757416713	0.000500649691846	1.32956474748	138.142122114	-49505.5967597
0.00106138582659	0.00418638094914	0.000583209217738	1.10334551495	180.173302068	-49503.2571806
0.00106365078943	0.00385496211598	0.000689496877137	0.737182680113	190.237330424	-49502.2634621
0.000755478066364	0.00435649102246	0.000899296634821	0.536126098801	225.841073155	-49506.4986324
0.000720443511105	0.0035913842037	0.00187978463825	0.272357241806	300.303834604	-49504.1399625
0.000860877135897	0.00351534330312	0.00140468962848	0.379707147339	228.244942549	-49501.5143342
0.000831150476844	0.00341710906058	0.00160193959582	0.364292035992	192.427501166	-49502.9639712
0.000945717207021	0.00363343087249	0.00130656379287	0.298165313086	244.037498748	-49502.7082042
0.00102688882214	0.00399886319857	0.00117841549859	0.477667340714	246.29513265	-49502.8882827
0.000854376211338	0.00359473235988	0.00103126271142	0.561117651743	133.998811786	-49505.3398944
0.000908678654922	0.00379532856291	0.00106625530079	0.494563678565	213.97624661	-49501.4881824
0.00076301339747	0.00417014223898	0.000731896541058	0.864242357038	138.500190375	-49505.4408123
0.00107195976355	0.00385412910302	0.000778185888916	1.13172970893	168.886321626	-49508.1906948
0.00100603335092	0.00409463886495	0.000440754101299	1.30886770628	176.242648491	-49503.9342101
0.000975638883453	0.00380682683187	0.000495410230814	1.14574777266	159.636376358	-49504.754352
0.000971771440537	0.00423547771086	0.000706496587961	0.911448767387	194.171405244	-49503.4805141
0.00110668849399	0.00400526286484	0.000767252630076	0.646557712082	212.71620192	-49502.3113605
0.000925261017069	0.00382478563605	0.00129280978755	0.350965014502	261.922496809	-49502.1139285
0.000894654062972	0.00354159053246	0.00139717292328	0.304221820232	238.557966017	-49502.0066222
0.000974854057269	0.00379633557241	0.00121318010853	0.485849157817	185.098986928	-49503.9022636
0.00088690144006	0.00339312487778	0.00164293114227	0.300550339166	255.715183582	-49501.8181634
0.000682807421774	0.0037887075388	0.00162688470437	0.332099095072	219.869873188	-49503.5233807
0.000886674833377	0.00364669490921	0.0014313206555	0.398429842768	218.210723825	-49501.950215
0.00117555832386	0.00355003966018	0.0011060424424	0.415636819109	295.829232903	-49504.0456696
0.000890901717281	0.00391720141739	0.00114300315288	0.526081660781	236.364354913	-49502.7989214
0.00111456797421	0.00381764010657	0.000686909567869	0.72556809827	210.09552574	-49502.7483138
0.00092137940874	0.00371705799375	0.00128100250873	0.452410552609	234.759534283	-49501.8036444
0.0010847910694	0.00336224228742	0.00139578118687	0.386885788699	270.739628902	-49502.960658
0.000985075933774	0.00312881710973	0.00169610936418	0.309861296496	309.013340942	-49503.1485384
0.000739083933634	0.0029695817093	0.00193118892463	0.269623257815	245.321510902	-49503.5872411
0.000888916470001	0.00366763120057	0.00106126196295	0.496824192647	185.266293455	-49501.7035737
0.00105434079878	0.00341804627813	0.00119887551774	0.518431871458	231.133005	-49503.8772354
0.000848042084465	0.00439738861975	0.000983154801567	0.576647833408	256.380131054	-49507.2298776
0.00103552989269	0.0032545773843	0.00164218047157	0.24657569041	394.837487799	-49504.5690881
0.00100754523705	0.00371916348391	0.00121560669441	0.472037328027	219.597490003	-49502.0704159
0.000986482775734	0.00391854272694	0.00140841111018	0.395006161562	294.807745225	-49503.5262752
0.000906252033508	0.00375974074542	0.00124956931585	0.320520681408	221.836892837	-49502.7761379
0.00110428875684	0.003837717548	0.00105822710314	0.574068462369	214.923412689	-49503.4017656
0.00106878171643	0.00401379525508	0.00074693131594	0.642428455562	186.236891392	-49502.8753948
0.00107662068363	0.00346929983934	0.00172012095454	0.265765187362	396.886937786	-49504.099023
0.000794247953687	0.00326096071258	0.0012517618682	0.345335850242	163.370892751	-49505.4950629
0.000705721946473	0.00344324040937	0.00146973414999	0.310069320384	207.874089117	-49502.7895928
0.000885268048517	0.00381130112784	0.000933393675675	0.618065470368	165.171837591	-49502.2487559
0.00107378387593	0.00370063235743	0.000724763025502	0.760963013068	163.951476823	-49503.3564924
0.000865885878545	0.00417095804995	0.000682901288633	0.934411278466	200.413585655	-49505.5094489
0.00085251053521	0.00392471686799	0.001033575857	0.47277897971	189.600878526	-49501.9619089
0.000860200599403	0.00430422360188	0.000836822606643	0.485567933218	156.336640445	-49508.5316035
0.000939206967454	0.00350627474249	0.00138854330775	0.307057879173	213.78305528	-49502.6725288
0.00092292918315	0.00322511414919	0.00154695509475	0.31197939458	242.480626565	-49502.1546189
0.000598125147028	0.00369420531163	0.00148302623985	0.41283481081	174.954250821	-49503.7304059
0.000846723104901	0.00331700024468	0.00151151219322	0.380530551244	190.542471435	-49502.61641
0.000839314179766	0.00394165204554	0.000945522080423	0.635994735154	160.735894823	-49502.8236411
0.000762918617597	0.00417291771495	0.00110608033438	0.551728160614	233.506196062	-49505.5120316
0.000771391530272	0.00348590732415	0.00140783011996	0.433937345152	197.723017496	-49502.4874985
0.000648027240743	0.00354150553452	0.00141515586107	0.439540679456	190.615702876	-49503.8034435
0.000954621684872	0.00366890745778	0.00119481428296	0.256842527153	240.195079561	-49506.0333477
0.000787701092065	0.0034498387735	0.0013489619937	0.488003660395	200.342977983	-49503.7629597
0.000769324712296	0.00404023666176	0.000770368688185	0.611728542128	177.34905286	-49504.1790067
0.00102145365255	0.00377793260135	0.00104551254854	0.780642306801	165.548232958	-49508.6017535
0.000748905660875	0.00393848535066	0.00105668593211	0.524436104101	135.369640158	-49505.9598664
0.000677938628279	0.00416991206729	0.00111356605944	0.420636288085	187.199757	-49504.6030363
0.00102090060821	0.00385356730265	0.00117115897852	0.543141189139	218.902152296	-49503.2071267
0.00075307888624	0.00322771263965	0.00162173922476	0.298086692939	184.91277427	-49503.1023203
0.000712528078765	0.00303951405151	0.00176784131201	0.276069316695	220.655920887	-49503.7951961
0.000405338706031	0.00379055560077	0.00142496105628	0.362542485677	146.215296107	-49506.7637572
0.000841565663791	0.00367487502799	0.00107373200659	0.432719107805	187.960159528	-49502.1801875
0.00116725100164	0.00391090095035	0.000766756576678	0.413053080203	250.362687988	-49507.129354
0.000675399110657	0.00334060803837	0.00145255708995	0.219112535027	209.11139061	-49507.3947549
0.000934468463776	0.00346697300256	0.00173374636162	0.268138972049	320.785747973	-49502.7473878
0.000831882254731	0.00317491770982	0.0016456484388	0.287919703923	239.878350633	-49502.4560945
0.000972037946818	0.00386434072467	0.00106818786735	0.51805087394	182.103964665	-49502.8017309
0.000786460198537	0.00374882836517	0.00135025402361	0.400176965681	190.902452186	-49502.1516567
0.00101447770974	0.0033327389958	0.00129426316166	0.49465166327	252.323499263	-49505.1567608
0.000885213409318	0.0036354730358	0.00136348507406	0.396481714352	188.491132208	-49502.580789
0.000943402012175	0.00344971744182	0.00135008691386	0.477333769198	197.104611444	-49503.2509046
0.00106855712127	0.0040369041182	0.000782271461679	0.486026610457	233.08308818	-49504.2904553
0.00111465544439	0.00351465678416	0.000978707084252	0.441640965142	253.890891387	-49503.9442034
0.000674552698609	0.00366146872685	0.000986502419238	0.491919267105	119.999394678	-49507.6128544
0.00079685044424	0.00403034282955	0.000973409308711	0.614911144579	225.118010998	-49505.1978057
0.000903617899536	0.00364780536401	0.00130738148644	0.401086346033	210.254071567	-49501.4664223
0.000918319055039	0.00360866852917	0.00108781552351	0.492936269654	202.091072775	-49501.7698451
0.000782577184475	0.00395859885721	0.00104594276433	0.474327961347	164.286036887	-49503.2890417
0.00103781814347	0.00362197839028	0.000877411830573	0.530788106622	230.546839392	-49503.6425168
0.00106525139821	0.00342488918847	0.00102394247772	0.432350624171	262.319649905	-49505.1514542
0.000885086200555	0.00384107286336	0.000991508542101	0.558572735554	199.74799956	-49501.692566
0.00109839543468	0.00394969410013	0.000780124676323	0.740564709455	173.591587661	-49503.6023465
0.000954434489897	0.00357809953673	0.00102438748204	0.600263250846	195.658844004	-49502.8500596
0.000815683591764	0.0036077162465	0.00127759927144	0.262669471728	229.26941746	-49504.9508436
0.000670533876343	0.00348620825702	0.00179020888664	0.379607444158	187.486586817	-49504.7524868
0.000934586219449	0.00361630238702	0.00122745987107	0.471851602763	198.133604956	-49501.8522823
0.000848471117261	0.00335286623937	0.0013744454185	0.417867153381	181.128693513	-49502.7695236
0.000922350091936	0.00400805178431	0.00100536947129	0.713532289368	195.542651771	-49503.8387606
0.00135691771699	0.00393562393251	0.000674823539069	0.792415071354	253.766145022	-49505.852783
0.000862146526719	0.00374505950727	0.00101220169536	0.604439560839	167.445633038	-49502.4083256
0.000960439132606	0.0041284020071	0.000728834610717	0.697638732977	207.723655813	-49502.8379435
0.000853844866086	0.00427378557971	0.000389483823465	1.91266758038	148.455456743	-49507.3772432
0.00127610871189	0.0036868303687	0.000304002314044	1.94394127059	140.185976436	-49508.0391514
0.00122421410644	0.00352999685367	0.000419947891619	1.48647821318	160.233832027	-49507.5921639
0.00117897125276	0.00407431095466	0.000606638886568	0.952479840838	207.250789295	-49503.068561
0.00125658899778	0.00421455573688	0.00061957537751	0.903336141479	202.951095136	-49505.1983444
0.00111406372088	0.00385523353907	0.000767825915126	0.776410053564	218.13743247	-49502.8579694
0.000754056783708	0.00396419711605	0.00124075018955	0.353948530624	211.269584777	-49503.1532255
0.000951716115616	0.00386026070607	0.00106893245952	0.422915899141	234.131923621	-49501.8841329
0.00101331828359	0.00355886377354	0.00125058830549	0.470790464726	285.654714467	-49504.4521925
0.000646450724561	0.00398355590465	0.00119074759668	0.550824191715	188.837508499	-49504.6114658
0.00104160090204	0.00376901468705	0.00069435456342	0.679252869378	194.197261349	-49503.0311996
0.000843129548146	0.00412528704328	0.000821038247389	0.782261169676	172.614318245	-49503.2171146
0.000943825293151	0.00379748543475	0.00105897310841	0.423618245665	225.101119179	-49501.8049026
0.0011809786033	0.00377302160768	0.000649012738789	0.823195318823	202.847134993	-49503.0683545
0.00105072331452	0.00384482865122	0.000798142879964	0.669643547626	178.5755962	-49502.2733263
0.000998070296442	0.00391932649309	0.000934568884179	0.619992489593	222.03052137	-49502.1155253
0.00103306052027	0.00411975986032	0.000672313659582	0.883950840988	171.957468827	-49503.0319346
0.00121444113686	0.0039677052369	0.000344070025936	1.44583636031	186.946272298	-49504.8989081
0.000934793143792	0.00383916040926	0.000770579252533	0.779254842285	177.965773967	-49502.4215843
0.000946491481686	0.00401385778168	0.000751046899315	0.821485281712	153.420465234	-49503.5487091
0.00101808821786	0.00409163543724	0.000465196475391	1.08158739458	175.953974765	-49503.8857099
0.00125816900975	0.00417549033781	0.000557097813158	1.10906919916	209.449555402	-49504.5917317
0.000950638763728	0.00387836981298	0.000561034439165	1.00055152738	138.667640158	-49504.553739
0.00107596992771	0.00404185276634	0.000352636478258	1.55055897141	167.468754443	-49504.4278507
0.00135164156641	0.00365567235141	0.000400598681877	1.44474683248	163.305933	-49507.4060274
0.00127599683614	0.00392671854883	0.000402730347816	1.35887710495	188.216354441	-49504.2767614
0.00136040545379	0.00388598973489	0.0003823578243	1.34198932932	202.147070603	-49505.614012
0.00100730688558	0.00395873938858	0.000525646795715	1.12184441778	149.65048787	-49503.5827644
0.00116206872666	0.00370216991596	0.000499871675485	1.13203004885	183.085400137	-49504.4284584
0.00112606587051	0.00359334215222	0.00085531940749	0.666895545566	240.085605904	-49504.9006537
0.000779497082026	0.00416197624705	0.000862441687915	0.450951894532	198.336794414	-49505.3558683
0.00105124239457	0.0038853745851	0.00101016512412	0.516174980031	225.123640077	-49501.7861951
0.000809731886937	0.0038078748564	0.000724273112488	0.746269908115	132.885485016	-49505.2591299
0.000854859068392	0.00389246791387	0.000916937779612	0.619903705339	207.503959729	-49503.0622576
0.000999074493946	0.00337823433896	0.00140493888529	0.437697078278	182.576714565	-49505.0402839
0.000869618008724	0.00317121917553	0.00134521283087	0.316313880704	198.343598552	-49504.3976792
0.001122010261	0.00378315403488	0.000870827623351	0.668005910544	258.438069779	-49504.7626502
0.000970503875684	0.00377930035356	0.000790153408918	0.582556046118	207.606316222	-49503.1411367
0.000915641882272	0.00384664828184	0.000864696103312	0.519490888278	185.646559403	-49502.4703539
0.000835972878084	0.00370391311547	0.00106073237667	0.571383944397	139.857547045	-49504.6896141
0.00116745565572	0.00378237064063	0.00114766452532	0.395304296776	262.47698628	-49503.313294
0.000951112474694	0.00386950370035	0.00133039504018	0.446380620089	285.145949606	-49503.6722222
0.000760661108003	0.00344300229013	0.00132153064147	0.412469949323	163.873801603	-49503.0611925
0.00118968522462	0.00364311449791	0.000807148897055	0.592786290743	217.754925584	-49503.3575403
0.000946306308224	0.00409369340861	0.000360169860673	1.1059183673	166.242860883	-49508.6980796
0.00101904708685	0.00417345720226	0.000622624234576	0.976117513969	169.860328738	-49503.2324979
0.00123608867498	0.00407176706282	0.000484059865135	1.31205085883	202.601324645	-49504.0148605
0.00101626865313	0.0042066564481	0.000442890985956	1.43056049835	164.990362624	-49503.8919627
0.00108191841536	0.00392044034478	0.000553174142732	1.13011282566	193.115847678	-49503.4400016
0.00101248448644	0.00400386833409	0.000548529506607	0.776402709898	192.982970886	-49504.6294638
0.000804286229596	0.00392655207443	0.00107433990399	0.569758284376	173.825412141	-49502.5813977
0.00087810954023	0.00375434759913	0.00108024214353	0.359020404312	264.210631035	-49504.9035021
0.000838542011484	0.00386761675944	0.000893519652807	0.638422623558	187.39519036	-49502.5411128
0.0011406558234	0.0038376401027	0.00077403035763	0.66259003255	190.652295564	-49502.802339
0.00098389865504	0.00394256615344	0.000759547924424	0.766534866689	170.368001406	-49502.2306412
0.00130533741894	0.00383985090107	0.00045134339715	1.36421059646	192.587550198	-49504.7211914
0.000860761673206	0.00398211431355	0.00091954185974	0.74742294509	215.467244983	-49505.3319463
0.00106793745514	0.00416036473071	0.00084174649712	0.616030539865	209.46459649	-49502.8930609
0.000769018472041	0.00379639276979	0.000910097432639	0.697529749907	143.043711589	-49504.1024277
0.00101521853083	0.00402447174392	0.000535310680827	1.1681974223	165.156611184	-49502.9296345
0.000751858241236	0.00391199664548	0.000750131260817	1.07505279151	170.043529088	-49509.247786
0.000704517417984	0.0039268096081	0.00102041682778	0.622122525069	194.023246152	-49504.891206
0.00108241775326	0.00386180713529	0.000749724986275	0.694801642481	212.161493877	-49502.2289438
0.0010634476924	0.00394155595262	0.000847016958505	0.578542572924	237.844762936	-49502.5058079
0.000759354636522	0.00319572005459	0.00152461467652	0.3616598231	143.952457173	-49505.518364
0.000594998159493	0.00362703696928	0.00171544145505	0.337381669923	210.742773257	-49503.7373536
0.000607978152316	0.00361297583078	0.00149906058785	0.377533925166	199.287655631	-49503.3474085
0.00104162859803	0.00386499815712	0.000898848859332	0.553839631355	178.539846543	-49502.9696314
0.0010436305138	0.00353027009635	0.00136887568758	0.369362241797	218.113097347	-49503.068967
0.00108081811582	0.003244712915	0.00177865746807	0.236188148518	313.023927101	-49504.4270443
0.000789541799898	0.00392971083192	0.00108325197657	0.46306463994	172.586872983	-49502.7073434
0.00103451357457	0.00336460917982	0.00139763681978	0.374705341066	281.894744031	-49502.8021283
0.0011228962044	0.00339405965051	0.0011938630489	0.448028811935	290.84952847	-49504.9341146
0.00103191813218	0.00297967190341	0.00189877794416	0.288686941922	242.748940669	-49505.4735639
0.000701145545124	0.00304070151134	0.00173289354403	0.329847733228	207.884439186	-49504.4895275
0.000801419018233	0.00340126103309	0.0017512072339	0.355938144786	212.569434887	-49503.2502992
0.000893189870734	0.00343467382128	0.00160863308443	0.236778535479	267.362940539	-49503.3726684
0.00088210572779	0.00317748255028	0.00155244524037	0.304608486602	209.43198581	-49502.6943564
0.000932810838981	0.00359105647996	0.00132559049909	0.341573814537	238.179499824	-49501.5913059
0.00102870163133	0.0032429978971	0.00145842530186	0.247713939791	300.21074441	-49504.3171782
0.000953786275568	0.00329636700195	0.00146041091729	0.382859036441	247.729844072	-49502.5224627
0.000686458655963	0.00373616781787	0.0014494219692	0.284301131817	257.687977082	-49504.3550588
0.000783971647038	0.00305678284766	0.00188502044271	0.200885198759	295.619387042	-49504.8009797
0.000945241835058	0.00322045502205	0.00177751626185	0.256606848605	345.473418492	-49503.1180839
0.000803145608111	0.00374538142439	0.00126599136912	0.273768640662	180.310780344	-49506.4494593
0.000799481042816	0.00384305335822	0.00101872817682	0.420992794109	191.415888753	-49502.9322162
0.000879938452789	0.00415942886938	0.000843266826274	0.613267531152	187.977585753	-49502.6937662
0.00092335445855	0.00371286656584	0.00139187953246	0.480784389509	253.152922302	-49503.6101207
0.000880477295884	0.00407313993587	0.000717147164172	0.716069734316	171.062915964	-49502.843339
0.00103647835036	0.00420957559255	0.000832731095977	0.567463589536	247.219396391	-49503.6980132
0.000794759329897	0.00387137716539	0.00153216114949	0.41177084351	201.795732902	-49504.891245
0.000732294320029	0.00361419671224	0.00112760901536	0.48894078807	139.632590111	-49504.4015862
0.000986941705439	0.0035361673744	0.0014876633821	0.227700134407	253.298145414	-49505.4434762
0.00103379830588	0.00389519863899	0.000990396878947	0.343679387543	281.223113672	-49505.4579635
0.000823593974845	0.00356619372514	0.00117438424828	0.414635893037	180.877336213	-49502.2254083
0.00103877827039	0.00395470045711	0.000868810807221	0.609160353346	179.516643825	-49502.8813464
0.00100459988344	0.00426702427875	0.000808385317912	0.625448969443	225.501840618	-49503.3386238
0.000885572728128	0.00330930294348	0.00112226665863	0.6260409035	131.810549588	-49508.980846
0.00108354048663	0.0037155984189	0.00104925987396	0.487244289835	208.292798463	-49502.2917966
0.00088193943966	0.00380718371561	0.000987944292071	0.431382104097	173.881830343	-49503.2669964
0.000554013732313	0.0035429453361	0.00129166859743	0.440232672102	140.224188094	-49505.7956304
0.000829562658455	0.00389836866675	0.00113162217551	0.423109613871	206.078843376	-49501.9044888
0.000985073547745	0.00322245580207	0.00189423065176	0.20216263469	315.359075103	-49504.9258541
0.000864110811066	0.00401683203166	0.00101670006525	0.40821682533	237.985845958	-49503.578689
0.00101182334087	0.00390362484958	0.00074421048087	0.8130002322	178.674281142	-49502.1262695
0.00105675141773	0.00425107292434	0.000675337484121	0.690095196875	171.886430805	-49505.5963365
