0.00108969007088	0.00131727074849	0.00118022267574	1.20128563912	0.000643322118816	0.000706228178365	0.000725935806019	0.00087292700613	0.00449911028587	0.000631349053377	0.000717280830544	0.00120350310177	0.000766785723846	0.000860394569664	0.000875273740638	0.000777810555964	0.000916768112551	0.000370392812707	0.00262337491278	0.0188348380988	43.2605835188	0.00181336576803	0.00116266419445	0.00114155869696	0.000837440039277	0.000884141894394	0.000672611909589	0.0021385021856	0.545456424966
0.00109143263782	0.00119807777833	0.00114751432904	0.0058253784039	0.000675859024784	0.000729170691453	0.000792281778874	0.000754943168904	0.0027014205264	0.000698933760026	0.000733879214862	0.00128419641809	0.000829370250242	0.000683887419453	0.00106061990609	0.000918998023059	0.000896683259163	0.000420424872829	0.0012473334353	0.0043649242657	41.9825770492	0.00216905155123	0.00107512064376	0.00111970390526	0.000842145959031	0.000913189286491	0.000721399756583	0.00213886555515	0.54304704545
0.00109995901964	0.00121144169359	0.00119850608036	0.00245841555196	0.000807152306943	0.000826025674053	0.000788927013451	0.000926561906484	0.0280346895894	0.00063050994499	0.00071851880211	0.0011949316806	0.000722585254014	0.000753380484925	0.000796922867978	0.000956973673404	0.000883956555425	0.000536352148064	0.000584513261372	0.00559914389651	21.4358595792	0.00221399111388	0.00115192841724	0.00112337232718	0.0008854968184	0.000915062408544	0.000722227846235	0.00214195700881	0.506302883601
0.000900092370049	0.00110359934077	0.0010648106388	0.00147732330412	0.000833794207428	0.000887936164312	0.000879179956452	0.000953058144299	0.00233581681067	0.000733075555602	0.000786713745434	0.00107856500245	0.000831220177221	0.000875023092493	0.000942415301337	0.000886311513989	0.000978982185123	0.00040095131509	34.4066366505	0.00142253215642	0.0018051745473	0.0011895785053	0.00118815980183	0.00100284862676	0.000944372013724	0.000905602603339	0.00082883672816	0.00213042627631	0.462452042392
0.00110549456969	0.00113597263168	0.00105230703637	0.00617376321599	0.000640221915482	0.000751296960633	0.000773067016923	0.000867068598042	0.00214801848983	0.000673978051938	0.000785236263787	0.00138485190881	0.000835438883406	0.000830472812312	0.000941613269099	0.000864908783829	0.000889460816227	0.000393373531191	23.0976555638	0.00227874283141	0.00309232809783	0.00127490333956	0.00103901664869	0.00102812078196	0.000938891593623	0.000917037095426	0.000748784283103	0.00213597975929	0.51011248501
0.00106220145975	0.00124991174181	0.00109939609338	0.00469198608137	0.000667842155184	0.000763696674756	0.000770459295514	0.000901214240304	0.00597137852733	0.00062377525126	0.000710986109714	0.00122343842224	0.000728281006	0.000742501721478	0.000855916250197	0.000906215219747	0.00118937307401	0.000321053475506	41.8502416079	0.00285309185293	0.00492527763728	0.00152952660987	0.00110601169046	0.00114432234286	0.000945388688584	0.000918202585527	0.000801613018762	0.00213406203038	0.520369433799
0.00107505895017	0.00110788623831	0.00118796931888	0.0024515984211	0.000819434824884	0.000856510580859	0.000818390176233	0.00096026483036	0.00784389445885	0.00065084691976	0.000716159897213	0.00122419781736	0.000735909018949	0.000756486809485	0.000838569818614	0.000977962931505	0.000862934519363	0.0008305108547	0.00035945131668	0.00785104484959	28.0678794484	0.00246770685885	0.00122779079296	0.0011356774219	0.0010177558434	0.000980369747897	0.000682156332485	0.0021454873794	0.504593152549
0.00103338499271	0.00117747003446	0.00114584169107	0.00277104455848	0.000764182987648	0.000819208883332	0.000859388668662	0.000844415496975	46.5265722017	0.000616099531253	0.000707553908158	0.00110276285165	0.000752736206538	0.000733286708168	0.00085987982128	0.000967859119924	0.000847370230775	0.0005723248255	0.00116256206788	0.00192093188357	0.00243690345946	0.00137242151278	0.00108930710913	0.00101997420671	0.00101482483675	0.000936948984581	0.000801526128568	0.00213892783856	0.503655750842
0.000894417239516	0.00129129491256	0.00114697573577	0.00465371821245	0.000668272648605	0.000786366520636	0.0008083557199	0.000890110873328	0.00383435085901	0.000674788784656	0.000724036762631	0.00117033341845	0.000791004807233	0.000806550531743	0.00094324620027	0.000892095238264	0.000912474264252	0.000392598904685	33.862192476	0.00200704610849	0.00209404497496	0.00140877492897	0.00117152419809	0.00103471865352	0.000937435006362	0.00089325455468	0.000772606427959	0.00213222820594	0.511006545484
0.000946207881707	0.00119057545726	0.00109733656583	0.0016861566137	0.000755040933716	0.000878327257464	0.000902195934589	0.000855727691143	0.00248080979659	0.000743012809347	0.000763214584336	0.0010734555395	0.00080909138318	0.000824595753861	0.000978831313887	0.000957251217312	0.000911852290664	0.000379319659639	16.5712249273	0.00169094056841	0.00310983779134	0.00146320510415	0.00118743172163	0.000977448094478	0.000891752665141	0.000938918903247	0.000717698890977	0.00212853462361	0.485263948686
0.0010320582354	0.00127026826144	0.00114164897878	0.00427993767489	0.000703147819859	0.000755414680557	0.000769840758131	0.000910930187666	40.4668056412	0.000617124840511	0.000695490917327	0.0011514609663	0.00074828285743	0.000741306102346	0.000790566999249	0.000998734733461	0.00102146313364	0.0007631025111	0.00047253916076	0.00599804099587	0.00824117507283	0.00257276316019	0.00111523459384	0.00110739646551	0.000887291790366	0.000918666909522	0.000713106773958	0.00214474884376	0.519139919582
0.000881154268941	0.00114581300878	0.00110309063473	0.00206798417493	0.000744078996475	0.000864395981521	0.000854258363527	0.000959247811243	0.00221205791848	0.000724960476878	0.000814432100479	0.00107521074016	0.000814023534384	0.000868754965213	0.00089080153593	0.000892109826906	0.000932590885129	0.000389643620131	12.2919302738	0.00172468774315	0.00304274920636	0.00159378658826	0.000975818446133	0.00101280442627	0.000876641686156	0.000903592327878	0.000729752803601	0.00212888240459	0.462372900564
0.00094162693709	0.00112452971905	0.00107163607366	0.00142651082465	0.000807268355371	0.000939457763251	0.000901987392794	0.000978247283116	0.00227256083732	0.000733572472551	0.00081123414807	0.00103787841649	0.000822698793088	0.000866554532796	0.000943007304005	0.000876083624266	0.00097034988182	0.000374275756604	45.135411867	0.00158163402925	0.00262100696806	0.00142577392204	0.00103054775743	0.00102981866806	0.000888935217056	0.00092812963464	0.000728936688643	0.00212855088814	0.44535595107
0.00118608379516	0.00123877556473	0.00112066297855	0.00432426984244	0.000690178321279	0.000806291299578	0.000851301667109	0.000870136089947	46.8804528683	0.000607858275043	0.000674581181212	0.000996304789236	0.000735048897766	0.000791618721883	0.000974675211104	0.000889973131033	0.000875121340134	0.000458696055709	0.00236390564714	0.00232528540501	0.00186768336862	0.00136436152635	0.0010729711207	0.00111909919392	0.00102434392912	0.000895167239145	0.000780929336043	0.00213568976393	0.527045193792
0.000981385374653	0.00116187541174	0.00113414116644	0.00232076298879	0.000766218327353	0.000823516398559	0.000841517728856	0.000858976740299	26.9183159651	0.000624879651684	0.000697791851858	0.00100800930524	0.00073453189658	0.000761866271164	0.000904570262229	0.00093525839913	0.00084867389236	0.00051615991356	0.00126512414227	0.00220677179965	0.00270011575437	0.00176821629465	0.00111751316514	0.00109353803098	0.0010203239552	0.000952679278401	0.000726909940172	0.0021398531229	0.499037677766
0.00165604388778	0.00111905213092	0.00107632247132	0.00169242503127	0.000821829900911	0.000858139580419	0.00083606387484	0.000925725210666	0.00228042517898	0.000655659119477	0.000764428510666	0.00115610251432	0.000763151590689	0.00080305624075	0.000804203225535	0.000870974569485	0.000975454185881	0.000767481445609	0.000348854679837	0.00552818874518	41.2351103361	0.00204479981647	0.00130167182677	0.00125772092996	0.0012114633043	0.00104462122842	0.000747250641703	0.00214551436136	0.554822825191
