split.time	theta	rho	posterior
0.00183870233157	0.00255255013417	0.39355668182	-44706.8312717
0.00204734750102	0.00241431603264	0.245158460148	-44706.4526841
0.00197826017341	0.00237865941729	0.340863717289	-44705.6301395
0.00202611568861	0.00213695739015	0.250844650625	-44707.6219231
0.00175935092614	0.00258361417403	0.287241016979	-44709.4440591
0.00181840050869	0.00283794120052	0.254253913576	-44708.7097118
0.00189489725152	0.00252588138867	0.354325713596	-44705.8659832
0.00194793900871	0.00243165565981	0.244466338519	-44706.151699
0.00186129848924	0.00252182221642	0.306699073489	-44706.3255956
0.00203348148492	0.0023473714545	0.341733977913	-44706.1804017
0.00205842889491	0.00215566271392	0.274739310062	-44706.8609751
0.00213524795275	0.00205037736242	0.308994227351	-44708.4186923
0.00198351790166	0.00233683119027	0.279609554468	-44705.7141936
0.00203607821505	0.00245241043174	0.196327420331	-44707.5450348
0.00194737454187	0.00257472890812	0.236961227322	-44706.4931251
0.00180691215633	0.00271120367844	0.309505566603	-44707.4230114
0.00198994718027	0.00227924679073	0.271046671262	-44706.104904
0.00209927851092	0.00242665604038	0.221941419745	-44707.9255069
0.00199220571185	0.00242549475795	0.374292986419	-44706.2275213
0.00209900843721	0.00220659325109	0.292423490187	-44706.8973902
0.00196467787885	0.00254246220665	0.306674033927	-44705.8873893
0.00185558424137	0.00267978598779	0.514683510413	-44709.160856
0.00178483412859	0.00258036694419	0.398615485102	-44708.10562
0.00190990163395	0.00246352435509	0.302771061078	-44705.73085
0.00192279033176	0.00262613859551	0.321520497126	-44706.2093609
0.0019100702133	0.00264589726974	0.359507609647	-44706.5795245
0.00183964483331	0.00258455791778	0.425613946865	-44707.1313359
0.00192529348692	0.00267305833238	0.386934957944	-44707.4989572
0.00197088382422	0.00257321594257	0.353790859803	-44706.686262
0.00189305384905	0.0026220627274	0.292345867619	-44706.1472136
0.00201185157517	0.00254014746986	0.238112568565	-44706.7462866
0.00187848314895	0.00259756214107	0.391503883783	-44706.46288
0.00204399992993	0.00261270236287	0.218896646029	-44708.3331631
0.00201974271868	0.00224012306831	0.251855143296	-44706.4854811
0.00192500393766	0.00245722156177	0.343801751104	-44705.6276479
0.00188048131841	0.00235226068246	0.24951206925	-44708.0227257
0.00191601495005	0.0022547142782	0.342758412089	-44707.4528288
0.00182174607228	0.00268300675726	0.420117133311	-44707.5090854
0.00179713257169	0.00288193967476	0.445477384593	-44709.8909318
0.00201710805519	0.00246566845438	0.307352554703	-44706.1481843
0.00200857715143	0.00264073399342	0.235179961627	-44707.6989857
0.00190378226918	0.00256742700062	0.340600056513	-44705.8638021
0.00191206660505	0.00254732246849	0.335705789499	-44705.7555237
0.00203388673997	0.00240045153303	0.352683382174	-44706.5783616
0.00206217873885	0.00226251955047	0.247127527221	-44706.4927252
0.00200994850333	0.00227375492517	0.299224071593	-44705.8707064
0.00201716805292	0.00235829653692	0.297898531551	-44705.6877387
0.00194219553771	0.00228699214194	0.411390579175	-44707.1150548
0.0019606464756	0.00273839386648	0.261978835146	-44707.9075731
0.00198259266045	0.00217792710812	0.417523411393	-44708.0902048
0.00185645012385	0.00241200707674	0.409669518294	-44707.4853283
0.00194846089191	0.00261242545314	0.259132973169	-44706.3973999
0.00202241038736	0.00227167908639	0.270154701905	-44706.02685
0.00190005974184	0.0027704380665	0.287329600997	-44707.4992081
0.00205372699269	0.00215804620227	0.254381348155	-44707.0692335
0.00194590444835	0.00257837009845	0.322923558032	-44706.0304556
0.0020699917192	0.00235304701058	0.440367963964	-44709.2579467
0.00186432159406	0.00266769825015	0.39640836666	-44706.954348
0.00196427462837	0.00233381134858	0.300171737619	-44705.7308633
0.00200324579141	0.00251511638956	0.339024044769	-44706.5985087
0.00205282818571	0.00228786908098	0.34035448848	-44706.4040449
0.00200680873693	0.0022997979612	0.202639263092	-44707.5590562
0.00199339894624	0.00241591577263	0.211800534154	-44706.8252158
0.00179093051347	0.00278699210221	0.375931859337	-44708.0746436
0.00179922967491	0.00281590133427	0.324448684549	-44708.1015267
0.00192835111529	0.00238141296576	0.3652132447	-44705.9746009
0.00192056221875	0.00273661713303	0.227570125788	-44707.8112616
0.00192117997285	0.0026367341149	0.32648930829	-44706.3158875
0.00198350199857	0.00259546553937	0.260158402001	-44706.6070272
0.00193103760435	0.00235527218126	0.390926441098	-44706.3698693
0.00193073719567	0.00251124743319	0.259934514061	-44705.9435301
0.00183061869373	0.0024431293982	0.286543501451	-44707.9432054
0.00202373183522	0.00239454680697	0.222270095803	-44706.5626503
0.00187108642422	0.00266615914086	0.417343644933	-44707.2529291
0.00193137415818	0.00249005748624	0.272330719965	-44705.7590794
0.00194439179975	0.00218216354324	0.424901274917	-44708.8782899
0.00192274591702	0.00235752446129	0.357435448078	-44706.1425436
0.00211816424137	0.00236937786655	0.195326703629	-44708.5883128
0.00191227625379	0.00244978540058	0.277872761869	-44705.9526019
0.00211828315761	0.00223373435753	0.317632173841	-44707.5788852
0.00204343611625	0.00233302575995	0.311506256843	-44706.036913
0.00207548965841	0.00215384159536	0.292252165615	-44706.8613525
0.00195899922947	0.00250277214297	0.381559116574	-44706.2786206
0.00195361077559	0.00250838492681	0.469798512786	-44707.98619
0.00188097069244	0.00280358312885	0.382809418687	-44708.5610768
0.00177130027906	0.00306648352166	0.367904265179	-44711.925277
0.0019532662292	0.0024147930514	0.2866158976	-44705.5616822
0.00191720286287	0.00255049457296	0.436070443533	-44707.0412777
0.00185562629695	0.00237522752772	0.442272511773	-44708.3931147
0.00196970384561	0.00245909947506	0.293427310011	-44705.5271584
0.0019863373021	0.00266353394518	0.274621295892	-44707.4164999
0.00190658706599	0.00242671225928	0.33318980265	-44705.8501408
0.00196573985675	0.00233050864775	0.358672249512	-44705.9237228
0.00188414783542	0.00255173546917	0.341048009861	-44705.9166369
0.00193296002906	0.00233756008497	0.314285918175	-44706.0452302
0.00193878584012	0.00223438656373	0.237568116819	-44708.2578846
0.00201194477703	0.00235262250883	0.428930402977	-44707.322543
0.00182412483052	0.00250413063581	0.378874001714	-44707.2976932
0.00203582159526	0.00230569088511	0.390017833864	-44706.8815833
0.00196779408096	0.00248926864691	0.32926102554	-44705.7145585
0.00196172867658	0.00232258030899	0.252052405883	-44706.3817999
0.00186890587912	0.00267201571702	0.3134636943	-44706.4675182
0.0020902720125	0.00217757890385	0.25468873164	-44707.0144277
0.00195320643588	0.00219448037784	0.424374814359	-44708.4377726
0.00197552211575	0.00245394030864	0.386936137955	-44706.3147138
0.00187997891483	0.00240655100025	0.201788440696	-44709.200784
0.00191789249504	0.00233650410057	0.378611628414	-44706.5730626
0.00197860215729	0.00247964974582	0.393143433336	-44706.6235351
0.00204280826316	0.00254081847912	0.269597893179	-44707.290854
0.001792436973	0.00270977731414	0.389570942546	-44707.7165547
0.00186712509812	0.00274866395079	0.255155423342	-44707.5029587
0.00187417299161	0.00239831645395	0.241711229911	-44707.9087203
0.00207535801146	0.00238482296159	0.31134483159	-44707.0328429
0.00194412047131	0.00256636143392	0.246765630486	-44706.2720518
0.00203709814272	0.002433240488	0.307910213708	-44706.3445221
0.00197522482097	0.0023989047062	0.213002814843	-44706.9115602
0.00197468281942	0.00229944619712	0.264207922672	-44706.1877839
0.00187820389598	0.00255788260235	0.370917788822	-44706.1390009
0.00183170636296	0.00251546210852	0.358902313059	-44706.9375922
0.00203034351911	0.00230033953536	0.31764636492	-44705.9002753
0.00194658368564	0.00247460407906	0.297695019053	-44705.510767
0.00210940319207	0.00226161162137	0.293899118897	-44707.1746978
0.00190590720594	0.00236416434356	0.430229431838	-44707.1792994
0.00198437116296	0.0025682014092	0.268066954454	-44706.3398577
0.00198601036476	0.00254537013985	0.443533663483	-44708.5744047
0.00195376917482	0.00227267751948	0.251869861868	-44707.0051342
0.00189776960558	0.00253978036532	0.27198695733	-44706.0794861
0.0018647870486	0.00246813672728	0.380799106632	-44706.5641365
0.0020979482327	0.00208570302964	0.237320133303	-44708.1447876
0.00200495476333	0.00223886217052	0.363037905249	-44706.454046
0.00195272702627	0.00246170983205	0.281070626071	-44705.5741846
0.00182711575369	0.00271621603318	0.31667547189	-44707.0855995
0.001898335805	0.00259415499386	0.215721880182	-44707.4546428
0.00190382423021	0.00242636106821	0.269239606179	-44706.3251687
0.00188159261075	0.00245078543008	0.356803484076	-44706.1967135
0.00190734816667	0.00244921133603	0.272587334951	-44706.1000717
0.00197153215783	0.00252399170742	0.229647701449	-44706.4667353
0.00205702231327	0.00247109173739	0.32882507048	-44707.5439826
0.0019789784367	0.00222330759625	0.223184340284	-44707.9150812
0.00205731567337	0.00222643821114	0.329327618606	-44706.4491564
0.00197713043205	0.00234001733826	0.267332394173	-44705.8618677
0.00199031306908	0.00222258043642	0.326150176874	-44706.4227802
0.00178643373549	0.00258590231856	0.305886505372	-44708.1232923
0.00198583457024	0.00242490455259	0.276306083483	-44705.6028422
0.00195271834491	0.00250270255407	0.206447114107	-44707.176671
0.00187768755189	0.00256774974098	0.307282134854	-44706.0216298
0.00185925620693	0.00259437726407	0.318827622236	-44706.2433321
0.00205455801988	0.00233411679868	0.268267407619	-44706.154706
0.00206253256401	0.00218267784725	0.273478198664	-44706.6411889
0.00198282728954	0.00247303805431	0.358157858252	-44706.106079
0.00196868674617	0.00226240592242	0.347801891593	-44706.3361729
0.00199229968003	0.0024368017654	0.252459755815	-44705.8837288
0.00205129387879	0.00242032939026	0.285633004756	-44706.4459596
0.00204809614407	0.00248117375336	0.387989163726	-44708.562994
0.00189988326198	0.0025136088145	0.303499814109	-44705.7722447
0.00197166725968	0.00225529067269	0.214781050434	-44707.9639787
0.00201755332572	0.00213624596633	0.291685548345	-44707.2682906
0.00192358400538	0.00228553135209	0.330774577537	-44706.7793499
0.0019877557377	0.00246534569129	0.243201279263	-44706.0663729
0.00183238378333	0.00243759193263	0.378812638728	-44707.65435
0.00186374602661	0.00275213766043	0.149120863948	-44712.1454401
0.00188451068639	0.00243249517323	0.318754150213	-44706.2150366
0.0017334172624	0.00272052538377	0.306387522559	-44709.5642339
0.00193642114683	0.00261553708534	0.258481611358	-44706.3712335
0.00203094259173	0.00233956562572	0.276893185785	-44705.8411911
0.00184403263528	0.00269888824059	0.537515995324	-44709.7733147
0.00195569723992	0.00230943476415	0.30636122599	-44705.9742159
0.00204010395967	0.0024891781298	0.244186652788	-44706.7817602
0.00194905343196	0.0023279839664	0.223519004632	-44707.3132325
0.00198581985399	0.00247718991705	0.28880169745	-44705.7053153
0.00191174597102	0.00274574032175	0.284785543139	-44707.2977523
0.00201114908293	0.00230663371611	0.463617994436	-44708.0534895
0.00187031493959	0.00265135825897	0.392298233882	-44706.7897586
0.00186445438441	0.00271213997555	0.241490115164	-44707.5372018
0.00196774522497	0.00237168533982	0.359258469122	-44705.7775398
0.00207396176812	0.0025263524933	0.252897508329	-44708.0213294
0.00190841717292	0.00225518472234	0.345495752016	-44707.6764644
0.00181802723831	0.00284923587966	0.36241393562	-44708.4533513
0.00196569463448	0.00258947375248	0.264992956299	-44706.3095939
0.00189037517697	0.00271157618469	0.290387236967	-44706.8014922
0.00196958512335	0.0025058021121	0.353416265387	-44706.0616545
0.00199926791076	0.00234966900735	0.213342484872	-44706.9202762
0.00186086760628	0.00289262734678	0.299309145786	-44708.9212612
0.00204383685925	0.00245471185207	0.217756269859	-44707.0229614
0.002088589802	0.00215639129251	0.215140432077	-44707.9656652
0.00195192825929	0.00258003684351	0.290603239864	-44706.0159731
0.00199015365061	0.00237741335792	0.259440895018	-44705.7897402
0.00183805711346	0.00252232380367	0.332954444679	-44706.7319286
0.00194271169443	0.00244793039102	0.306728379012	-44705.485956
0.00201329331932	0.00236874319872	0.235144478198	-44706.2340326
0.0018855086834	0.00258622478363	0.296302540426	-44706.0361635
0.00197931492975	0.00239942450022	0.301651998841	-44705.4812914
0.00206353853722	0.00234087539845	0.321245657161	-44706.5454749
0.00205344813872	0.00215051421519	0.381729246235	-44707.5463133
0.00190846898217	0.00235532307307	0.405766294494	-44706.8635283
0.00199291695946	0.00225934861402	0.422693638829	-44707.217314
0.0019310501632	0.00251327291808	0.375631145365	-44705.9976058
0.00180253402407	0.00257717902192	0.207857864107	-44710.1703033
0.00184932411914	0.00286504287217	0.238734695426	-44708.989288
0.00198032721485	0.00227370372813	0.394593746153	-44706.6604364
0.00197048561874	0.00241662758319	0.227436104056	-44706.4363686
0.0019956463188	0.00227347973079	0.204381356157	-44707.8142725
0.00188548948563	0.0025703874679	0.383921484288	-44706.2545459
0.00171177957405	0.00298800920148	0.360697852703	-44711.1561039
0.00190456828022	0.00251566075239	0.326985869897	-44705.6931549
0.00197443213183	0.00232387162092	0.322482874303	-44705.7078669
0.00186089191337	0.00278392168211	0.452813214016	-44709.202427
0.00179951248448	0.00267548486566	0.359541045057	-44707.3669043
0.00195503714368	0.0024038816727	0.373789704465	-44705.8742139
0.00193341502066	0.00243478536067	0.354073989496	-44705.6786233
0.00198297193166	0.00242278791072	0.311405215156	-44705.5249325
0.00208915767607	0.00216773069425	0.217557727334	-44707.7997076
0.0020574326006	0.00242455036024	0.165555817583	-44709.1261889
0.00184986440579	0.00248970944313	0.318689058885	-44706.6579877
0.00189400558358	0.00250362035081	0.251089746896	-44706.5383501
0.00198446028678	0.00246333259087	0.260389141094	-44705.8096494
0.0020548757365	0.00227391587247	0.233143806558	-44706.6514447
0.00198611041195	0.0022879847472	0.571601791063	-44710.6613864
0.00199317616066	0.00250833350819	0.346030651058	-44706.4024003
0.00186825955428	0.00262185468093	0.285766142838	-44706.3957295
0.00197473442866	0.00229237971811	0.270599140879	-44706.1563685
0.00211991652776	0.00215182679021	0.302453769159	-44707.4892922
0.00199248351365	0.0024119920054	0.307297912327	-44705.5613692
0.00191589331339	0.0025929614181	0.255546337615	-44706.3013712
0.00188327675158	0.00266446368497	0.290481302157	-44706.4399054
0.00194198908362	0.00260347706926	0.348150474292	-44706.4211744
0.00190147669702	0.00277890094582	0.488794914559	-44710.9532835
0.00193791121062	0.00245586431849	0.278787381852	-44705.6589632
0.00202240760758	0.00239383857136	0.308393220283	-44705.8561548
0.00206610357907	0.00253825799205	0.205488847898	-44708.2883015
0.00201278845259	0.00234792341588	0.299230421029	-44705.6531463
0.00182811241858	0.0028081475886	0.310420700767	-44707.803307
0.00175301045465	0.00267020451827	0.35060174007	-44708.6593267
0.00194262869791	0.00226933604636	0.464794579298	-44708.2730973
0.00189351484524	0.00257851150794	0.264767589134	-44706.2760631
0.0020072921657	0.00224228595328	0.247905958344	-44706.6276755
0.0019331586547	0.00234404261933	0.342781404903	-44706.0217067
0.00190323502551	0.00245410100541	0.257412743007	-44706.4095941
0.00180363502793	0.00269736940177	0.396747097231	-44707.545631
0.00203791881913	0.00231609954206	0.223208034775	-44706.6840857
0.00191128618288	0.00259614793298	0.21095020873	-44707.4816315
0.00195611613045	0.00228256654563	0.328080432895	-44706.205493
0.00193346770436	0.002501162192	0.273674118699	-44705.7407679
0.00194423100488	0.00241612526213	0.418670807744	-44706.4978231
0.00199506173625	0.00246213517431	0.180797375871	-44708.140286
0.00191475933419	0.00270806953131	0.328231236423	-44707.0277142
0.00198051570927	0.00237793248468	0.360122083896	-44705.8201028
0.00178933017519	0.00264958158242	0.44667838719	-44708.246174
0.00210718790615	0.00237481544815	0.351796055457	-44708.8272164
0.00186871925505	0.00244351933494	0.294021406261	-44706.670039
0.00196454663281	0.00246024633173	0.202234428973	-44707.2784539
0.00207132463989	0.00236958504953	0.376923961313	-44707.8940734
0.00201776877533	0.00221455542511	0.345516978129	-44706.4604512
0.00193782689365	0.00249217236814	0.186543967276	-44708.2549044
0.00189451708632	0.00251152205109	0.441915229375	-44706.9209494
0.00186565565166	0.0023755717237	0.347402385106	-44707.2074656
0.00192364107684	0.00288283646364	0.257837620735	-44709.5047326
0.00189289653232	0.00271032638939	0.252298547611	-44707.1346225
0.00198578167418	0.00228684432987	0.369030040896	-44706.2186562
0.00197662371044	0.00245644175373	0.339049951748	-44705.7316507
0.00197439918362	0.00263377802343	0.307403919249	-44706.9517662
0.00185511777889	0.00253178117472	0.394087676475	-44706.6047702
0.00172515865224	0.00273052709622	0.380117239194	-44709.4955722
0.0020344924447	0.00227180940346	0.320684813725	-44706.0166258
0.00185256542125	0.00252000568156	0.430272564698	-44707.0976188
0.00185314731154	0.00255634043285	0.35695640702	-44706.3474648
0.00217780685423	0.00214846275459	0.250383325509	-44708.8934335
0.00202154244882	0.00223254324144	0.212835898275	-44707.5711787
0.00198855704405	0.00238467030871	0.284060056644	-44705.5567538
0.00209837938191	0.00216962457663	0.241260320617	-44707.3157955
0.00196246265242	0.00231413518512	0.304917136817	-44705.863133
0.00181406889033	0.00266033631031	0.419868574425	-44707.5081519
0.00199376117093	0.00236209499634	0.25894232755	-44705.8248079
0.00202293189628	0.00252391349712	0.301728738797	-44706.7647159
0.00189547001119	0.00251051941299	0.359253684203	-44705.8843153
0.00182669979362	0.00265244564354	0.363250518466	-44706.8550437
0.00191848946026	0.00257196056552	0.2710630744	-44706.0033103
0.00207809923122	0.0023268049521	0.286600266026	-44706.5701976
0.00186047774283	0.00244663435958	0.281624852502	-44707.0215392
0.00188375362302	0.00261117373982	0.322146536867	-44706.0619494
0.00208629280499	0.00235649189412	0.242233161945	-44706.971206
0.00186251026302	0.0026405036395	0.312976060173	-44706.3495161
0.00195564893447	0.00231111866043	0.289160378657	-44706.0522829
0.00205033864494	0.00227290031972	0.26668179549	-44706.1584435
0.00195737902454	0.00237535874385	0.316195857979	-44705.5568632
0.00183009509657	0.00229357553541	0.262560526833	-44710.769625
0.00188409162132	0.0024509241842	0.305518077178	-44706.1758808
0.00200753602064	0.00236690380735	0.254317095277	-44705.8890027
0.00202749636837	0.00212740169385	0.336411175489	-44707.3428265
0.00197063176736	0.00246777286273	0.317377338069	-44705.5820248
0.00211805467921	0.00193522078309	0.24043497434	-44710.5420909
0.00202435206376	0.00254041828091	0.355689907112	-44707.7943694
0.00195028804207	0.00240850630574	0.197653075561	-44707.7992505
0.00177849382784	0.00276719043668	0.288512903437	-44708.4490801
0.00189647033428	0.00236893912856	0.357449783433	-44706.51682
0.00197502869557	0.00224883968267	0.430919971925	-44707.51329
0.00176443391877	0.00276218836685	0.315726012648	-44708.4993527
0.001912918387	0.00250109399172	0.309119535508	-44705.6379905
0.00204846134435	0.00232711076647	0.255707182641	-44706.1633036
0.00191802697076	0.00237895919089	0.300395076736	-44706.0289382
0.00201462529575	0.00230725944596	0.199526171323	-44707.589035
0.00202162302433	0.00245493907058	0.241586065938	-44706.3162355
0.0019073672864	0.00249254652728	0.214840375253	-44707.4181448
0.00194550392831	0.00237808475723	0.360784308231	-44705.8220631
0.00191828679497	0.00257708403564	0.338172758603	-44705.9170115
0.00189339858929	0.00243220807302	0.33503665152	-44706.0301576
0.00190606473942	0.00259971301619	0.20271436818	-44707.8701746
0.00208010520762	0.00206998761942	0.245062531398	-44708.2375816
0.00193711435503	0.00257740158347	0.260159463393	-44706.1271797
0.0019269875638	0.00237145571359	0.483503185506	-44707.9137449
0.00185996603058	0.00255818143109	0.281331647727	-44706.5243978
0.00186792757201	0.00252086082679	0.321807039963	-44706.1345898
0.0020108677124	0.00252296719477	0.333304343497	-44706.7942665
0.00184642929499	0.00240112898806	0.317507719933	-44707.5668332
0.00192675436003	0.00243288590557	0.288514154838	-44705.7168093
0.00196431456923	0.002295792475	0.302253660489	-44705.9970182
0.00186127294728	0.00264730428715	0.267000748768	-44706.7993869
0.00186074283358	0.00282483183435	0.317049300773	-44707.9862301
0.00189888668959	0.0023000674344	0.301656519107	-44707.3267436
0.0020017645879	0.00231086585896	0.356121476109	-44705.9912775
0.00188607840628	0.00254602542975	0.343756841731	-44705.9023243
0.00202886920644	0.00216632556411	0.302898038179	-44706.7259087
0.0018567702636	0.00265547152453	0.322334855603	-44706.4484351
0.00197512668439	0.00234910399982	0.339008975151	-44705.672178
0.0019455634923	0.0023469844077	0.333521855109	-44705.8189157
0.00192682998888	0.00235861405834	0.295083443388	-44706.0660107
0.0020729154602	0.0026203604613	0.275239464522	-44709.6103521
0.00195809914253	0.00257487153278	0.258123816684	-44706.2041013
0.00201723918944	0.00264627906222	0.390715327958	-44710.1679154
0.00193499355551	0.00260285862742	0.300826204953	-44706.0550815
0.00194702074291	0.00243200262724	0.286991068226	-44705.5636961
0.0018220037111	0.00290408891361	0.315093476061	-44708.9707997
0.00194523483682	0.00230595088525	0.224788178693	-44707.5621499
0.00209912319583	0.00225237887534	0.252130876405	-44706.934065
0.00188646119403	0.002640400893	0.379913240494	-44706.6012357
0.00191723789732	0.00211828729581	0.317594277953	-44710.3837702
0.00200685040573	0.00237630343768	0.278267604751	-44705.6578451
0.00195071543808	0.0025086643782	0.350292697832	-44705.8325087
0.00191207788356	0.00258173771457	0.232235166595	-44706.7751646
0.00218570293981	0.00218904915671	0.264410067033	-44709.2781774
0.00203524584594	0.00230692325493	0.286800411625	-44705.8725819
0.00193902294993	0.00235999009577	0.458271765737	-44707.392613
0.00194998714539	0.00244792158144	0.321922332689	-44705.4805668
0.001946021945	0.00222057840067	0.309800785687	-44707.2134955
0.00198333873054	0.00243965022288	0.346417669482	-44705.8088906
0.00205339898741	0.00227379279542	0.23603663264	-44706.5852925
0.00201120942165	0.00217489570524	0.434172623163	-44708.2052645
0.00188466096751	0.00242744927541	0.383862868094	-44706.4654127
0.00182982768598	0.00254932339233	0.406279502452	-44707.1311158
0.0019713755714	0.00245563459267	0.307196411297	-44705.5211973
0.00192937909214	0.0023558408905	0.359661783919	-44706.0798808
0.00191967320757	0.00273926341276	0.281439370031	-44707.3002454
0.00201221111021	0.00238026376144	0.296594011429	-44705.6620917
0.00200464089633	0.00252820252613	0.265940834203	-44706.323163
0.00201077772488	0.00244714219399	0.413726603657	-44707.5076177
0.00195131367945	0.00217797099034	0.271507294991	-44708.1426423
0.00214255013977	0.00233664415866	0.216650855455	-44708.6544775
0.0018770762251	0.00236357284671	0.236299004069	-44708.370732
0.00203843259981	0.00236220791773	0.234266609302	-44706.3818956
0.00190018663357	0.0027734758682	0.251787964657	-44707.7446975
0.00192146901438	0.00236525138098	0.359147574582	-44706.114054
0.00202445222379	0.00271051403529	0.190434283513	-44709.5711002
0.00212573162912	0.00231275943526	0.24532441752	-44707.7645838
0.00191811112913	0.002497057656	0.25137960781	-44706.2027569
0.00195108320815	0.00244701225186	0.279128409644	-44705.5922355
0.00196390914822	0.00234796879237	0.44949903529	-44707.2516807
0.00193478997997	0.0024109924371	0.325538582316	-44705.5940133
0.00205980392837	0.00230785352095	0.234722396881	-44706.5805833
0.00192883153572	0.00234184932285	0.252967518159	-44706.7668271
0.00188803024435	0.00257293572434	0.373274335314	-44706.1503673
0.00214871439883	0.00194027161586	0.315755505484	-44710.0186683
0.00187853119695	0.00255735703431	0.303069726562	-44706.024533
0.00181430702684	0.00248545920483	0.248987546738	-44708.9014982
0.00209437425291	0.002220435498	0.292272724349	-44706.7899837
0.001921959152	0.00245653244081	0.189764907086	-44708.4473465
0.002029625398	0.0023940429333	0.172102189562	-44708.6448489
0.00193835518232	0.00265433367784	0.234588938978	-44707.017135
0.00194294974315	0.00231740350956	0.277717050513	-44706.3082997
0.00199610815707	0.00241766582712	0.303284483134	-44705.5953003
0.00206277870077	0.00243964695823	0.312494893686	-44707.1504685
0.00193872390967	0.00232291795899	0.287802627752	-44706.2241015
0.00191480275531	0.00251813791352	0.36815050254	-44705.8932128
0.00191930347576	0.00256149084353	0.202636633927	-44707.6696848
0.00194298230882	0.00230353052038	0.337388703589	-44706.2142263
0.00207664055764	0.00220835199922	0.271484024258	-44706.5927066
0.00199373363551	0.00225255001506	0.252516239792	-44706.578188
0.00189155264011	0.00252165063571	0.336555640594	-44705.8169531
0.0020537744179	0.0021539986038	0.188686646649	-44709.231238
0.00202560598576	0.00217861187115	0.319957023556	-44706.6281279
0.0018360099263	0.00245993646982	0.256142350196	-44708.1662569
0.00201475611304	0.00252557909761	0.289069878807	-44706.5037205
0.00193689420342	0.00230402693847	0.253065142844	-44706.9768629
0.00184525120917	0.00247402623489	0.346916338242	-44706.828431
0.00188893542929	0.00253422285021	0.365137653636	-44705.9865247
0.00199218398682	0.00225254048386	0.270716300449	-44706.3164014
0.00205867250767	0.00222972554041	0.215744528535	-44707.3387451
0.00181607929238	0.00283474600524	0.443146247929	-44709.2740988
0.00192793126412	0.00235653323402	0.293678697147	-44706.0741241
0.00200517931601	0.00246652804918	0.226476181781	-44706.484283
0.00185766992407	0.00256068565878	0.367421935848	-44706.3297005
0.00205483055269	0.00229157242342	0.292241463243	-44706.1000461
0.00203234013512	0.00234325870966	0.32015347206	-44705.9446677
0.0018669088738	0.00240109409172	0.260792126551	-44707.624761
0.00196846730226	0.00240473274151	0.361855001387	-44705.7789853
0.00181459778196	0.00286228584208	0.368907554035	-44708.6750455
0.0019334344527	0.00265734135395	0.34659165238	-44706.8600142
0.00198082399316	0.00221970946093	0.302925314351	-44706.5733022
0.00196025428048	0.00234622258907	0.344193044561	-44705.7597836
0.002060619479	0.00245613046872	0.290437910068	-44707.0186619
0.00194722413843	0.00252773735932	0.343445410493	-44705.8441424
0.00209763388148	0.00210639053728	0.333775025152	-44707.6543638
0.00191353491875	0.00253661859103	0.237851098682	-44706.5506713
0.00186327043522	0.0022909470689	0.375610230387	-44708.7568803
0.00200012281087	0.0023454922154	0.307146778084	-44705.5949025
0.00209383872783	0.00214069440631	0.400525569067	-44708.439317
0.00197774262666	0.00262046003162	0.320119308017	-44706.9770844
0.00192054259	0.00231448855035	0.384928904148	-44706.8192138
0.00180732277303	0.00264880540522	0.235518203292	-44708.6917489
0.00209960609563	0.00229982327414	0.258466656098	-44706.9690257
0.00196654675956	0.00236012525182	0.224273377443	-44706.7854573
0.00188787850187	0.00243724590543	0.450542668502	-44707.2597308
0.00183568925641	0.00234704682741	0.25621418107	-44709.639766
0.00202097687989	0.00262967991153	0.175721516833	-44709.1947158
0.0020143865746	0.0023074732904	0.230155073962	-44706.5366324
0.00196190140424	0.00258938434034	0.281443698879	-44706.2005151
0.00196463434896	0.00242117691049	0.25611288759	-44705.8372389
0.00192625255183	0.00267040503874	0.300744071708	-44706.5914763
0.00190379054937	0.00247277939971	0.252343382264	-44706.4337949
0.0021445494433	0.00201772873525	0.387528003081	-44709.9900109
0.00209404985658	0.00221067277834	0.336747663701	-44707.1684912
0.00193509884268	0.00256791000554	0.254821114271	-44706.1560854
0.00191560158084	0.00242588331031	0.232787350398	-44706.9338318
0.00213569330846	0.00200584941239	0.274932152726	-44708.8716854
0.00204959321692	0.0023987288639	0.202558467404	-44707.3288579
0.00210810784544	0.00229731703585	0.320196150642	-44707.5760142
0.00182372482664	0.0029666704311	0.286873400544	-44709.911188
0.00191801951997	0.0023821551036	0.399331914317	-44706.4410196
0.00193007170379	0.00251536655028	0.266725601506	-44705.8572971
0.00196784770556	0.00218952886055	0.30675373586	-44707.2235614
0.00186470015215	0.00258088775633	0.251558254	-44706.9444842
0.00195518648026	0.00254367377574	0.193538624448	-44707.7437736
0.00198660824553	0.00274703082535	0.179941905091	-44709.7167422
0.00189900135152	0.00269777719639	0.274233386044	-44706.7790766
0.00196057322274	0.00238103746498	0.232961895998	-44706.4878387
0.00174511013837	0.00276090893572	0.279261691764	-44709.5418107
0.00211354907988	0.0024750367794	0.169915769205	-44709.9602909
0.00206395532666	0.002436359287	0.234958372624	-44706.9882007
0.00198968840095	0.00259318453162	0.203550607754	-44707.60719
0.00215890861544	0.00218308976978	0.20281238643	-44709.0485243
0.00195381662405	0.00239134760286	0.311524428026	-44705.5243741
0.00199446615778	0.00240577913967	0.207709192284	-44706.9813433
0.00196404676456	0.00254446167192	0.333718432314	-44706.0625314
0.0019826568458	0.00222627824173	0.35774062777	-44706.6512904
0.0019086942577	0.00259883480659	0.311882931208	-44705.9391791
0.00195626070083	0.00228867937448	0.179114120354	-44709.742567
0.00195991388703	0.00241326924156	0.276952832329	-44705.6100629
0.00181738380991	0.00280841745386	0.266611569094	-44708.2770032
0.00192646275028	0.00237216696629	0.245721443553	-44706.7262007
0.00202391402878	0.00223188938716	0.242444066837	-44706.7108844
0.00183747808848	0.00260713571563	0.24705805653	-44707.6122879
0.00190723377973	0.00249758132335	0.199669121612	-44708.0561817
0.00196285905047	0.00245625492621	0.282144344793	-44705.5544855
0.00180845280915	0.00251715725904	0.347926703662	-44707.6016822
0.00189873225988	0.00252622554656	0.329737517939	-44705.7469788
0.00199673038674	0.00242893316061	0.290524092631	-44705.6247195
0.00200778371013	0.00238486553879	0.224065520218	-44706.4737426
0.00177853115468	0.00280626351146	0.227691459996	-44709.9643935
0.00196136188643	0.00260798466131	0.27994824998	-44706.359855
0.00190075379508	0.00275655379064	0.194272040209	-44708.9951353
0.00191942369176	0.0022538988291	0.336644462062	-44707.35538
0.00203928259545	0.00211888600607	0.344458720561	-44707.4440358
0.00199706171611	0.00253565892536	0.278626140932	-44706.2357504
0.00189263913134	0.00274123338521	0.235036026941	-44707.6957558
0.00195696990821	0.00252262971391	0.27217523355	-44705.7938983
0.00196349344232	0.00221419178511	0.384114911463	-44707.3402547
0.0019896959549	0.00239710625886	0.346069409093	-44705.7542651
0.00192890978406	0.0024165577935	0.284769364402	-44705.7828242
0.00190586188977	0.0024961199644	0.273905927409	-44705.9773269
0.00182507890564	0.00261418573027	0.259589037831	-44707.6104776
0.00199050789887	0.00229217441119	0.265559906674	-44706.0735453
0.00200331806158	0.00221915851612	0.334738932238	-44706.3923841
0.00189798162313	0.00250747875536	0.296307776334	-44705.8385495
0.00200778431522	0.00233587593487	0.22074412888	-44706.6959406
0.00193893980253	0.00238567419175	0.438105240293	-44706.8975344
0.00197450151162	0.00247282106029	0.323807817028	-44705.6671707
0.00193878531101	0.00238207961448	0.372398747659	-44705.9533599
0.00203405788607	0.00263165831163	0.24104100476	-44708.1652512
0.00198473717904	0.00233155937109	0.407472571177	-44706.5829512
0.0019658441333	0.00259163610996	0.265192129049	-44706.3271115
0.00197882510672	0.00236908210767	0.312157071315	-44705.5166197
0.00181921809189	0.00291274900435	0.39313506061	-44709.7329673
0.00196998912584	0.00276655781004	0.389743419823	-44710.6336506
0.00202435684557	0.00243126672194	0.201430342509	-44707.2348716
0.00186610928901	0.00255906499037	0.254888172573	-44706.8621763
0.00182778312326	0.00264580676019	0.446082356252	-44707.6563283
0.00205654293548	0.00235459734834	0.304235416134	-44706.2978118
0.00208191570943	0.00222382943485	0.256887856609	-44706.6931536
0.00210142226634	0.00236674395758	0.280065252056	-44707.4180895
0.00211339658747	0.00235217604422	0.293544796764	-44707.8330045
0.00189631378254	0.00256776872933	0.279016134172	-44706.0433807
