split.time	theta	rho	posterior
0.00202810361023	0.00221676880976	0.34437554186	-44706.4381037
0.00203749443733	0.00245558186883	0.248082009428	-44706.4736083
0.00182111686542	0.00244210781015	0.368678716762	-44707.9389839
0.00205130127176	0.00240850539111	0.214748953214	-44707.0158473
0.0019566796974	0.00265493367188	0.204097528782	-44707.8416662
0.00195562478479	0.00264393660647	0.356933235774	-44707.2628728
0.001918716992	0.00272660547445	0.345198368847	-44707.5045551
0.00181876650144	0.00271023998373	0.364949835736	-44707.1968431
0.00199936885144	0.00236770429082	0.302973598175	-44705.5651577
0.00195250565822	0.00242415990639	0.31850005306	-44705.4727758
0.00193503746702	0.00253233513306	0.37941956512	-44706.1658301
0.00199898082024	0.00231551762802	0.297838128387	-44705.6783279
0.00202392523191	0.00236855520409	0.302971946729	-44705.7844839
0.00198846411605	0.00252641700626	0.307071757399	-44706.094996
0.00210784583171	0.00224880190423	0.253681041524	-44707.0908754
0.00188627812219	0.00265217559107	0.394863045369	-44706.8861927
0.00209663609811	0.0022755012216	0.261778916893	-44706.8407082
0.00182725213452	0.00258671340822	0.193575768935	-44710.0262745
0.00177198791689	0.0027033364758	0.27409463856	-44708.7502682
0.00192850896366	0.00245573803692	0.338686956455	-44705.5877886
0.00188343883441	0.00278453658698	0.254017244045	-44707.8046507
0.00199753049893	0.00245945740611	0.290732597201	-44705.7461197
0.00194245609424	0.00274155188325	0.290683192249	-44707.6751738
0.0020478179268	0.00222336938049	0.223798928442	-44707.1487809
0.00202340265068	0.00243987024878	0.19591317715	-44707.4496929
0.0020397966721	0.0026060965346	0.277828733818	-44708.1210143
0.00182479026134	0.00263492008601	0.328169431361	-44706.8246501
0.00205858719358	0.00220792785479	0.277561143052	-44706.4286975
0.00199313472747	0.00220961007786	0.383882689425	-44707.042685
0.00194397028855	0.00248874156554	0.34222695948	-44705.6434325
0.00179698844723	0.00270844125421	0.373554880689	-44707.5431353
0.00197219557256	0.00226821077923	0.322575110628	-44706.1358589
0.00178979196655	0.00264819034254	0.307258887901	-44707.7900607
0.00218573580813	0.00239810321128	0.255012366599	-44711.2509703
0.00196420012218	0.00244011134211	0.362291618476	-44705.8065557
0.00191394320163	0.00224884673264	0.51569991179	-44710.2545685
0.00200751353872	0.00225190444647	0.382032219056	-44706.6071573
0.00200645960556	0.00235205451461	0.433715440074	-44707.3299509
0.00201867362905	0.00258115441944	0.295048815703	-44707.2721523
0.00190774768227	0.00249626211472	0.266277375632	-44706.0626791
0.00196076649274	0.00246103128778	0.335037344412	-44705.5916772
0.00190451031117	0.00258455758092	0.250729762301	-44706.4291117
0.00204343647918	0.00212469107592	0.257879481963	-44707.4871532
0.00193398742954	0.00250684214135	0.245524238151	-44706.1763659
0.00200346565285	0.00250190642533	0.213855319268	-44706.9136465
0.00201160273761	0.00244880604444	0.285523361422	-44705.8751802
0.00186147017582	0.00259178584833	0.297259461522	-44706.3241076
0.00203187475104	0.00233370671695	0.252427420099	-44706.0574196
0.00194213239874	0.00261218008524	0.236717882863	-44706.69554
0.00201932118183	0.00215863242593	0.29194188157	-44706.9272725
0.00205179965071	0.002325751554	0.345216074816	-44706.5157964
0.00179729108528	0.00245484545963	0.275863550351	-44709.3174394
0.00187868657021	0.00270983128947	0.268235440988	-44706.9660951
0.00205434508706	0.00271608759465	0.144298537766	-44712.0606492
0.00202585258258	0.00229655196202	0.269347407537	-44705.9311601
0.00196823097287	0.0024906135248	0.292861542538	-44705.6201763
0.00205104971846	0.00208246696681	0.28567946565	-44707.7708493
0.00207367256503	0.00219851160555	0.204908964714	-44707.9478717
0.00202366421149	0.00222058894233	0.26429899238	-44706.4468778
0.0020045203347	0.00240676864181	0.278600512957	-44705.6700702
0.00193336027863	0.00234494123943	0.219111564328	-44707.6339466
0.00195996637917	0.0023933711968	0.355075322201	-44705.696588
0.00181152872162	0.00280986493272	0.289233103249	-44708.0916579
0.001957674134	0.00251793229449	0.324284276398	-44705.7414061
0.0019248026184	0.00270467429685	0.223457610424	-44707.623651
0.00213863867556	0.00217545311919	0.303328494427	-44707.9232537
0.00195537879944	0.00242959402109	0.37777391206	-44705.9256909
0.0018489668741	0.00243825711992	0.211892392073	-44709.4208948
0.00191112879116	0.0025450121958	0.445797680627	-44707.1451335
0.00189071900813	0.00256142889161	0.406535638348	-44706.4923657
0.0020131451118	0.0022175548917	0.300872962836	-44706.2801342
0.00196914765915	0.00243778839671	0.322136589346	-44705.5126261
0.00196760789531	0.00232856373946	0.44221786178	-44707.1835492
0.00198434245268	0.00258157073059	0.318665748863	-44706.6414834
0.00178417079744	0.0025244226105	0.291597961552	-44708.8439184
0.00214224319895	0.0020912263501	0.21322215954	-44708.9486255
0.0021161490725	0.00237565278704	0.231618829428	-44707.9412866
0.00214530095471	0.00213662164052	0.314696341327	-44708.2453221
0.00203883206703	0.00223970868987	0.401778825724	-44707.2169008
0.00189410643711	0.00251654580982	0.412491897937	-44706.4614293
0.00199441349164	0.00227530203758	0.246599170173	-44706.4873663
0.00199965823391	0.00245796690592	0.241142903554	-44706.1394359
0.00193976281242	0.00235977910957	0.261351687228	-44706.2565589
0.00197636930778	0.0023307696804	0.234312113127	-44706.5587828
0.00201134701754	0.0025667299412	0.338603526607	-44707.4246803
0.00193476369589	0.00240404618241	0.279805985471	-44705.8148538
0.00193714573511	0.00251450701864	0.227193583836	-44706.6055575
0.00212974294054	0.00222442247385	0.187850520886	-44708.936267
0.00201817076888	0.00230277526815	0.275372447014	-44705.8425602
0.00194554694347	0.00233741261847	0.339467922965	-44705.9048741
0.00201880748125	0.00238220152313	0.259841278295	-44705.8782031
0.00195636913034	0.00230640435986	0.217512973437	-44707.5953456
0.00196943625166	0.00230159788054	0.229556816361	-44707.0071765
0.00195177558763	0.00250305874269	0.257597219554	-44705.88689
0.00204580773044	0.00237008602013	0.251317958234	-44706.2221927
0.00189310083175	0.00272062792462	0.277051484607	-44706.9573552
0.00183781445699	0.00247199303893	0.336739226416	-44707.0552999
0.00193343826765	0.00243042592392	0.291466860846	-44705.6348439
0.00187332079977	0.00281465813757	0.217750821648	-44708.8375417
0.00199440494253	0.00226735546286	0.345864681011	-44706.1013697
0.00185442322806	0.00266308127647	0.418590881182	-44707.2147338
0.00195860762983	0.00246453737863	0.258975216756	-44705.7994622
0.00194609777885	0.00223199095556	0.310642030336	-44707.0326439
0.0018530191239	0.00266824530228	0.29436637509	-44706.6640316
0.00183416433042	0.00276617141721	0.338635009137	-44707.3808557
0.00201005008383	0.00223320024645	0.271881724106	-44706.3278395
0.00190505965346	0.00245181496168	0.345884515693	-44705.8075335
0.00195932194347	0.00242230208083	0.420558851507	-44706.6117203
0.00185898042309	0.00266854139391	0.454572553255	-44707.8484054
0.00207256778829	0.00233887518758	0.236922585727	-44706.720714
0.00199858404185	0.00259685775985	0.375051568192	-44708.1379581
0.00202219932235	0.00237351060975	0.36841312116	-44706.4324021
0.0019104297184	0.00246697921859	0.22832180952	-44706.9766057
0.00188195898386	0.00241962209703	0.291039661991	-44706.5535505
0.00213375755786	0.00215422656663	0.307678429263	-44707.8416559
0.00199904308047	0.00219666577238	0.314029693939	-44706.6113499
0.00188483601123	0.00256133237145	0.256390131231	-44706.5105601
0.0019185627545	0.00257065716325	0.34191449924	-44705.9046918
0.00200452559651	0.00229529595422	0.353123265566	-44706.0230127
0.0018795892688	0.00244801241991	0.427800526145	-44706.9516626
0.0019621231217	0.00238081069043	0.312621451434	-44705.5176908
0.00185629618076	0.00257547087706	0.225825918243	-44707.8547633
0.00213087414624	0.0022777134766	0.283145081418	-44707.8197768
0.00204652997921	0.00222117126303	0.22996614408	-44707.0025314
0.0019110466518	0.00254193065293	0.349380783547	-44705.8127048
0.00202406575154	0.00243818011646	0.483520338357	-44709.6308273
0.00189137849002	0.00261764557493	0.310584701814	-44706.0677197
0.00195886369387	0.00223874318068	0.439123042896	-44707.9370379
0.00191644440207	0.00258270613463	0.334669734221	-44705.9238641
0.00195085633336	0.00264278419626	0.195368991273	-44708.0618246
0.00191388374152	0.00267521325449	0.34658992319	-44706.7927392
0.00194992511546	0.00261523722614	0.437463269067	-44708.3133564
0.00187372628049	0.0026204567344	0.3276096364	-44706.1624229
0.00213412670089	0.00236624832685	0.287432126782	-44708.7276759
0.00194592550432	0.0026570859253	0.287580560871	-44706.6538661
0.00190310708793	0.00255499640138	0.263147324313	-44706.165684
0.00191745696934	0.00239346244071	0.265176219657	-44706.3411765
0.00196831137048	0.00239376533015	0.404004757698	-44706.3606379
0.00195154712347	0.00250482170002	0.379807828453	-44706.1750015
0.00205174136705	0.00225649239877	0.237819080894	-44706.613781
0.00193940364287	0.0023897769103	0.303683227493	-44705.6566179
0.00176721994528	0.00291305654489	0.435211940791	-44710.1577634
0.00211856136283	0.00235676470158	0.280602451808	-44707.932867
0.00202182774917	0.00232735684697	0.259894428061	-44705.9267827
0.00198409574133	0.00234242464552	0.331662264621	-44705.6493979
0.00198090059312	0.00226456958806	0.374867610391	-44706.466664
0.0019412382275	0.00252835361354	0.368979915243	-44706.063212
0.00203235962852	0.00211326393335	0.301125712649	-44707.4151234
0.00198255931234	0.00227308898472	0.431342445833	-44707.2873137
0.0019415059984	0.00239783822545	0.348846013197	-44705.6850082
0.00190020759546	0.00263401540345	0.272566092966	-44706.3397424
0.0019935470746	0.00249720347726	0.335185657496	-44706.1842539
0.00197230040703	0.00247356436838	0.324962482685	-44705.6566908
0.00214120293511	0.00205107287841	0.27171479567	-44708.4267823
0.00194222988101	0.00233377841082	0.347518271699	-44706.0080026
0.00187260470224	0.00239310091689	0.243978748809	-44707.9470442
0.00184988702893	0.00254745710063	0.2621304353	-44707.0879909
0.00204515582962	0.0025908197219	0.266629372651	-44707.9902332
0.00199519321735	0.00262901985017	0.414587113589	-44709.5050102
0.00190968876203	0.00262870903243	0.288244680798	-44706.174677
0.00188386134534	0.00261344872763	0.314922864816	-44706.0744381
0.00204052187822	0.00237616142534	0.281355657712	-44706.0079569
0.0019744307054	0.00241976754847	0.273569885129	-44705.601183
0.00197379295972	0.00245245739084	0.364231685743	-44705.9570305
0.00200541599653	0.00225440315494	0.326974980848	-44706.0474045
0.00198990575975	0.00245063824555	0.32714174889	-44705.7603205
0.00194057933945	0.0024554045831	0.268353289599	-44705.758492
0.00199427039472	0.0026239244115	0.255508060446	-44707.1001682
0.00187123742514	0.00290280935948	0.20241603565	-44710.2060757
0.00197155208266	0.00256797248579	0.370253984574	-44706.8964762
0.00195482533287	0.00240204097866	0.406451526584	-44706.3325084
0.00191551927811	0.00244703402839	0.340809234122	-44705.695451
0.00202804504341	0.00248784365456	0.204010365707	-44707.3436587
0.00193646706194	0.00235003963796	0.218987803123	-44707.527527
0.00189102423424	0.00245061942492	0.276656101946	-44706.3302254
0.00191492087458	0.00243692142051	0.255160351392	-44706.3300151
0.00193849819275	0.00239619455682	0.173493174165	-44709.4854749
0.00209205770301	0.00214104719517	0.315413867895	-44707.1771232
0.00215207440847	0.00203297423701	0.290691891345	-44708.7533033
0.00184925474146	0.00277469185243	0.297273792437	-44707.4159174
0.00195229102635	0.00242179904893	0.362275529124	-44705.7365965
0.00185350304292	0.00245284435513	0.311336985849	-44706.8596197
0.00202819005861	0.00238593272426	0.367892417981	-44706.6044719
0.00199790291008	0.00235830868307	0.270882131942	-44705.6974436
0.00180335516019	0.0025581847097	0.395174427543	-44707.6495397
0.00198058215826	0.00214120827926	0.364094635188	-44708.0131689
0.00198916526074	0.00217232561947	0.234939738073	-44708.0828077
0.00195691424429	0.00242579479564	0.349006657596	-44705.6248349
0.00178399931098	0.00268852402513	0.410306370084	-44707.9850705
0.00194074222532	0.00232455548468	0.336822647322	-44706.0533378
0.00204641300139	0.00216574022481	0.490298399769	-44709.7229396
0.00195229664604	0.00262003107705	0.221931639369	-44707.0899205
0.00196822843526	0.00254630201426	0.296269975817	-44705.9306365
0.00195398598388	0.00230325358051	0.282101179577	-44706.2091863
0.00192339666646	0.0026189199893	0.251520202122	-44706.472359
0.00187945747834	0.0025321909988	0.307684237819	-44705.990666
0.00201087638249	0.00213237568615	0.31904703206	-44707.3788633
0.00195116676792	0.0023402990586	0.358453308909	-44705.9524179
0.00192206382777	0.00236988620537	0.32247532481	-44705.953704
0.00189023124111	0.00255756576595	0.324457512479	-44705.8504137
0.00210323194177	0.00251135660816	0.124174910224	-44713.0987431
0.00202383202066	0.00230790194878	0.312411599978	-44705.8078659
0.0019487377049	0.00243281688109	0.273812678383	-44705.6691171
0.0019604839273	0.00256070075453	0.273586789105	-44706.0049475
0.00191495223179	0.0024168081964	0.293890220433	-44705.8935383
0.00204689562645	0.00223894199059	0.24125884733	-44706.6300547
0.0018679434812	0.00260766276427	0.306589120241	-44706.2092205
0.00199135961859	0.00242258787488	0.328648150303	-44705.6813286
0.00191612546763	0.00262554584805	0.369376809367	-44706.561603
0.00195363918064	0.00220456169008	0.297041316761	-44707.3482132
0.00194283353263	0.00246560853605	0.290891165059	-44705.5398612
0.00197007360128	0.00248509792372	0.317972476341	-44705.650832
0.00185698014026	0.00267994465239	0.308671474424	-44706.6040205
0.00201089469317	0.00246908489916	0.342718046192	-44706.4058735
0.00187553517823	0.00257006331825	0.283293019397	-44706.2377392
0.00212139473579	0.00227341934293	0.322084049743	-44707.9161449
0.00190739368443	0.00249751808149	0.56399475276	-44709.6567936
0.00193007534663	0.00241694627262	0.283250075898	-44705.7819667
0.00187673238821	0.00268091014014	0.29073433694	-44706.5731994
0.00204556529286	0.00230648243215	0.254127712571	-44706.1693407
0.00208776302862	0.00216739950613	0.19722151393	-44708.5287937
0.00191447525478	0.00244449457751	0.29457541229	-44705.7790576
0.00196850819208	0.0024364645908	0.385280226933	-44706.1365319
0.00188378378174	0.0024241327732	0.43591315905	-44707.152378
0.00188046341783	0.00245205368441	0.212079792036	-44708.3263155
0.00197354894247	0.00229581226957	0.343428771146	-44705.9786316
0.00198100125259	0.00223599501906	0.361965650773	-44706.5995293
0.00204434274847	0.0021004360018	0.266072362324	-44707.7241178
0.00193586846574	0.00244991228202	0.431968515183	-44706.7167682
0.00177544785802	0.00255902986777	0.292380709092	-44708.8874963
0.00194600552752	0.00224408611437	0.217648365851	-44708.5912513
0.00189874524386	0.00254535797873	0.344716376835	-44705.8262973
0.0019055444018	0.0023610072303	0.264566340019	-44706.8775057
0.00191163574042	0.00247237178194	0.386638357452	-44706.0445149
0.00208439590737	0.00218286545852	0.34267410525	-44707.1203437
0.00192029372836	0.0026240018308	0.330992319929	-44706.2233262
0.00196759600331	0.00230723982425	0.384072409649	-44706.3308498
0.00198563776424	0.00249713185882	0.218537533203	-44706.6901182
0.00191806301692	0.00236712951279	0.280207571267	-44706.3050893
0.00184806236942	0.00263919597698	0.352824708847	-44706.5091906
0.00198632539248	0.0022093333955	0.281943432753	-44706.751463
0.0019540263041	0.00241913977667	0.261210970798	-44705.8229075
0.00197380187759	0.00244842412234	0.334977055834	-44705.6436933
0.00196936223776	0.00235051101301	0.372527042987	-44705.9769555
0.00212864574868	0.00219597786968	0.283054177883	-44707.5235591
0.00177274331748	0.00259031568101	0.414315702696	-44708.5583744
0.00195193741756	0.00236772250201	0.328206222677	-44705.6384917
0.00202376471655	0.00234696389	0.219281470609	-44706.6858232
0.00204877707382	0.00208356307744	0.207465522451	-44709.4521302
0.00203886143217	0.00226250958417	0.305231933427	-44706.0154407
0.00190641281349	0.00242883313455	0.21416001401	-44707.760815
0.00193116308369	0.00243249833946	0.249726003108	-44706.2216988
0.00200534280042	0.00237980066643	0.220534226582	-44706.5804776
0.00197493193528	0.00240193436562	0.348424158924	-44705.6755111
0.0019993849109	0.00236633616165	0.417090970748	-44706.9003709
0.00193493612057	0.00242116583818	0.415645526672	-44706.4347729
0.00200422216972	0.00230626722845	0.331911663209	-44705.8045717
0.00188953631044	0.00247795231398	0.479782437002	-44707.6577389
0.00199243260322	0.00227478520399	0.3591582783	-44706.1758747
0.00202425414736	0.00217895939303	0.225566014454	-44707.6984866
0.00197198068508	0.00239780702387	0.26040083527	-44705.7815141
0.00177700270449	0.00269104566834	0.377801206693	-44707.9433251
0.00188077877062	0.00254358550949	0.389327920724	-44706.2715076
0.0020698580303	0.00238957104746	0.414559264623	-44708.9458402
0.00190283910185	0.00254509948061	0.281053041399	-44705.9264443
0.00197431791927	0.00263161612158	0.274778240647	-44706.7907992
0.00205636717693	0.00223424713366	0.288960395591	-44706.2453414
0.00195877326024	0.00237414689511	0.314188677958	-44705.5533156
0.00203278459045	0.00242574694246	0.210789097766	-44706.9773294
0.00189831274136	0.00235714314132	0.227710519151	-44708.0778515
0.00200978914849	0.00257960745117	0.230421418596	-44707.143428
0.00198071149686	0.00250288880539	0.379537338284	-44706.6073801
0.00197838670952	0.00248324536105	0.278876974262	-44705.699499
0.00180114374004	0.00250992238108	0.298045732294	-44708.2219067
0.00200649870496	0.00221485900737	0.392456888791	-44707.0498148
0.00203224309996	0.00232561018923	0.25631392535	-44706.0222027
0.00186543746863	0.00270432875657	0.31874885263	-44706.7072855
0.00212125856955	0.00206998295912	0.283477752038	-44707.9825239
0.00205595274751	0.00223623579823	0.318621536265	-44706.3189833
0.00188284148997	0.00244691477763	0.333651176467	-44706.1387175
0.0018031787767	0.00262760109104	0.387956953023	-44707.3899879
0.00201581002519	0.00248283050757	0.325937711708	-44706.4276967
0.00199168369373	0.00236054656517	0.30052753739	-44705.5439317
0.00197505845237	0.00226193180534	0.385612818073	-44706.6613412
0.00207370859272	0.00206982838019	0.35677101518	-44708.1716665
0.00175982014921	0.00266467490536	0.318866401429	-44708.6046625
0.00212935066816	0.00198255047574	0.278754433448	-44709.1650657
0.001943657025	0.00259912588964	0.19785631882	-44707.7674284
0.002049691836	0.00249283000083	0.278127692359	-44706.9941429
0.001993382891	0.00271593013402	0.231354431551	-44708.3696329
0.00199096027784	0.00249260461675	0.282266274884	-44705.8477786
0.00205568754535	0.00220108483641	0.367938885578	-44706.9986183
0.00195426950821	0.00258450889722	0.248265616554	-44706.3671225
0.00196949265869	0.00235180747623	0.279906420137	-44705.7225237
0.00199622032435	0.00227745485117	0.386734674304	-44706.5046483
0.0019983478369	0.00261711715289	0.320140932764	-44707.4666382
0.00190782830528	0.00251757488072	0.383826239212	-44706.0622162
0.00192799366784	0.00231600463541	0.340721337243	-44706.3503551
0.00198256629925	0.00224323019353	0.396917387352	-44706.946969
0.00184113320477	0.00255907806601	0.322002033494	-44706.564805
0.00214752900272	0.0022210587834	0.468612251643	-44712.3406481
0.00181876401704	0.00249595388394	0.512824950328	-44709.3172879
0.00193230290801	0.00251796037669	0.354716778917	-44705.8018321
0.00192271273272	0.00251840882796	0.272533132777	-44705.8333687
0.00197333971581	0.00257224859544	0.257181372111	-44706.3128333
0.0019941038527	0.00226487738505	0.383412787254	-44706.5334632
0.00187224092233	0.0027184730191	0.357282325356	-44707.0197461
0.00192640624081	0.00235622012864	0.424144715004	-44706.8823566
0.00190988812352	0.00255220612423	0.428043977566	-44706.8473446
0.00188943090439	0.00267747952583	0.349604049499	-44706.6351091
0.00213130752749	0.00209213405344	0.280491178731	-44707.9300598
0.00193510822601	0.00264451155555	0.253400273728	-44706.6386682
0.00187756893163	0.00272850799422	0.241005749458	-44707.5411052
0.00200401113051	0.00233099325818	0.313289826917	-44705.6498409
0.00203714298372	0.00249491924135	0.389541036868	-44708.3618681
0.00196661969183	0.00238819826451	0.341625568113	-44705.60125
0.00189535093368	0.00268087038644	0.298658983771	-44706.5155506
0.00210968822232	0.00208888580815	0.257576212793	-44707.8412117
0.00199722045092	0.00232354436465	0.358502969316	-44705.9618405
0.00197155123095	0.00239322349282	0.344499449277	-44705.6275752
0.00203833190098	0.00224680470495	0.338858681579	-44706.2734814
0.00188401169616	0.00264393798225	0.342724651149	-44706.3050305
0.00189861193786	0.00239134696617	0.315429910729	-44706.2320216
0.00189089126894	0.00247488611323	0.3100891834	-44705.9254591
0.00214078009571	0.00220757829708	0.231149079616	-44708.0330936
0.0019662188124	0.00234342104755	0.327197209963	-44705.663052
0.00188976401638	0.00277824075943	0.255058464231	-44707.7314641
0.00189550907262	0.00267496607493	0.288761363907	-44706.5005019
0.0018058785339	0.00266267745395	0.419452343266	-44707.6298266
0.00193667746061	0.00255748206697	0.319648604937	-44705.7969298
0.00184927855684	0.00236204485914	0.35278120404	-44707.9498666
0.00195940224183	0.00243173038723	0.36913485807	-44705.841124
0.00185497025559	0.00248118703442	0.624600714744	-44711.3496175
0.0018682601127	0.00250128436544	0.251832769409	-44707.0509309
0.00197691934323	0.00253530226993	0.431683246833	-44707.8941299
0.00191661157493	0.00233770803543	0.320339330788	-44706.3314625
0.00202917235525	0.00271646515713	0.280165722992	-44709.648554
0.0019901137719	0.00217478894627	0.279953394691	-44707.1917834
0.002079292416	0.00212884533294	0.268961594861	-44707.195224
0.00208638786649	0.0022711792464	0.275941137228	-44706.6025311
0.00195371949386	0.00242159869651	0.362140488199	-44705.7375379
0.00196799965273	0.0026551208984	0.262777873504	-44706.9761285
0.00201417523696	0.0024270197819	0.332968541774	-44706.0667534
0.00197485722421	0.00241846628999	0.274117125092	-44705.5965959
0.00207083117175	0.00245463023248	0.291580396847	-44707.3315886
0.00196255539783	0.00236353812815	0.257489020094	-44706.0112356
0.00193747306193	0.00249328337934	0.339311841288	-44705.6189188
0.00206079507238	0.00213368005998	0.467805618114	-44709.5549072
0.00203292034089	0.00239784929742	0.260277877688	-44706.0477954
0.0019858405433	0.00219472380789	0.355312116045	-44706.9857893
0.00192181089217	0.00241369041518	0.294106194773	-44705.8082753
0.00199893853444	0.00242070289802	0.312437182739	-44705.6610896
0.00184030309599	0.00271234473026	0.348752630961	-44706.9466372
0.00187106759469	0.00250331515728	0.291776516039	-44706.3158694
0.00204974990256	0.00216964832225	0.237581739965	-44707.2772793
0.00192268632724	0.00240332040481	0.299628262825	-44705.8108342
0.00193133203104	0.00246239398929	0.381252075589	-44705.9410743
0.00210082841835	0.00234490758667	0.317926332624	-44707.6349347
0.00197551024654	0.00243346278252	0.362626044762	-44705.8874886
0.00201633657943	0.00246306916137	0.268552128875	-44706.0527127
0.00203016049609	0.00236530962813	0.180403411453	-44708.2285726
0.00201669786281	0.00261410822262	0.243396108654	-44707.5038054
0.00204092618616	0.00225467918038	0.221458464395	-44707.0108813
0.00195074053302	0.00246450092157	0.294070393964	-44705.5070143
0.00208120767293	0.00232277473244	0.212806292724	-44707.3076436
0.00193046864832	0.00249923741764	0.313245182092	-44705.5505353
0.00206075845175	0.00213244105288	0.372058364575	-44707.6052057
0.00195160979737	0.0022307106556	0.279107263216	-44707.1529067
0.00184605349419	0.00262128658932	0.307715770831	-44706.5254345
0.00196145538133	0.00248477841436	0.237583375938	-44706.1949131
0.00191148400111	0.00238134362303	0.293711779525	-44706.1806288
0.00202016489284	0.00247832139318	0.204300188215	-44707.2266364
0.00181866926218	0.0024506104965	0.226718948862	-44709.8171491
0.00199248445204	0.00235301378698	0.353177112739	-44705.8299963
0.00189181108063	0.0025129711034	0.409268911206	-44706.4231505
0.00208016467195	0.00242260494022	0.29133608167	-44707.3082193
0.00191191984461	0.00246632040947	0.344672683345	-44705.7052358
0.0019731639753	0.00246804363885	0.277028401218	-44705.6320866
0.00194226965445	0.00258741159189	0.27128234534	-44706.0865087
0.00180123947092	0.00278012951469	0.320625196541	-44707.811722
0.00204967469042	0.00237501493734	0.307334595053	-44706.2659449
0.00199876321496	0.00241840877055	0.358133930772	-44706.0663349
0.00197157720191	0.00244825378784	0.320132739254	-44705.5397796
0.00194708017096	0.00241144360217	0.332777103305	-44705.5432667
0.00193845763228	0.00241759163025	0.378700461255	-44705.9215369
0.00184382711215	0.00274330644747	0.385284007906	-44707.4704247
0.00207106453395	0.00238390658408	0.285266573861	-44706.6862952
0.00205226509746	0.00247760133678	0.25043053419	-44706.9095092
0.00199011776258	0.00221970594966	0.402749982004	-44707.2305432
0.00201391121282	0.00244447748234	0.30093808071	-44705.9194558
0.00185805251466	0.0026625735839	0.268347879284	-44706.8740222
0.00194161861581	0.00248816107138	0.276986612222	-44705.6608569
0.00186440478168	0.00267628881957	0.328283091746	-44706.5161444
0.0018855005265	0.00261526930628	0.440958873982	-44707.3243882
0.00188565047593	0.00243828265487	0.332808683403	-44706.1347855
0.00187515271113	0.00262813764998	0.368793854044	-44706.3959495
0.00211162955315	0.00221173037597	0.282658696848	-44707.1180199
0.00187567717115	0.00247463139467	0.322180547228	-44706.1493112
0.00190602167279	0.00242978872749	0.327885976854	-44705.8397306
0.00200397193394	0.00234001939779	0.277305627999	-44705.6932157
0.00204684102645	0.002558989232	0.264569199672	-44707.6093246
0.00177776171693	0.00299052774068	0.42461779959	-44711.2562698
0.00194057227315	0.00242715189113	0.443193128506	-44706.9323773
0.00184632028648	0.00286770698483	0.381692763278	-44709.0979051
0.00196558107963	0.00261934397999	0.200560293779	-44707.7498763
0.00203939824577	0.00233809389373	0.313267338986	-44705.9938195
0.00193584964796	0.0024810681268	0.367178439549	-44705.8184674
0.0019563001917	0.00235262220749	0.222720329735	-44707.021721
0.00201125140594	0.00246188861406	0.401849248693	-44707.3965038
0.00192215961954	0.00238064662683	0.415458522136	-44706.6323262
0.00189236981887	0.00265509008578	0.378142464786	-44706.7350437
0.0020040540425	0.00236921610399	0.250788425805	-44705.9310669
0.00203071712457	0.00217424383125	0.319525141279	-44706.6536363
0.00191142639534	0.00238700244305	0.267664185189	-44706.4634249
0.00198897532686	0.00249083562925	0.223449948086	-44706.5519152
0.0018488850642	0.00261759438205	0.435427261424	-44707.2429606
0.00199591434048	0.00248773095973	0.283285157156	-44705.8780568
0.00187070452323	0.0027845670211	0.25931022083	-44707.7514708
0.00195097362655	0.00246411611084	0.421163170816	-44706.6586112
0.00197492345277	0.00240757506227	0.348386091767	-44705.6793497
0.00187056704959	0.00243283868299	0.418530892629	-44707.0757054
0.00190372882528	0.00241814161463	0.337289753409	-44705.9425308
0.00182861038019	0.00265916448586	0.379974332788	-44706.9457319
0.00195926694383	0.00272042304634	0.271395200067	-44707.6306999
0.00195351940448	0.00242436224397	0.355306876095	-44705.6722434
0.00180167819402	0.00263439577226	0.299203831786	-44707.5591894
0.00221745816676	0.00216867927262	0.254799119937	-44710.4800512
0.00188821904172	0.00259716122913	0.277618592323	-44706.2036245
0.002002584439	0.00226876189216	0.225001305707	-44707.0146139
0.00198753536253	0.00227319077075	0.196353321377	-44708.3090775
0.00200865810061	0.00238635301793	0.253262049875	-44705.8971307
0.00202828492778	0.00255116225235	0.207343274307	-44707.6340627
0.00210438124691	0.00214937623286	0.153341815239	-44711.4249136
0.00199529377087	0.00262452164412	0.227017812689	-44707.3906159
0.00205215772291	0.00212843718227	0.285526530954	-44707.1118188
0.00190129376687	0.00246817473125	0.390591620868	-44706.156504
0.00196469398638	0.00236688741516	0.319573411716	-44705.5573651
0.00191098987583	0.00259359597685	0.394990716012	-44706.5900981
0.00202436704182	0.00236675845277	0.37110387144	-44706.4909891
0.0019204173322	0.00250172288017	0.292261962349	-44705.6595208
0.00203351737174	0.0022224518183	0.314749850032	-44706.2212372
0.0020155910461	0.00246825742369	0.36278085583	-44706.8173436
0.002068692012	0.00234959689113	0.207872708973	-44707.3045248
0.00197364818038	0.00251254689383	0.270284077201	-44705.8461603
0.00191770775939	0.00247918616423	0.171831093041	-44709.5343272
0.00191434815505	0.00266044518454	0.275763905155	-44706.4851061
0.00184059760607	0.00255791164316	0.352202605981	-44706.5546269
0.00203238704547	0.00240962608551	0.308495519473	-44706.0997416
0.00193255011874	0.00254707814988	0.360257365602	-44706.0028226
0.00194444020677	0.00229236319652	0.306368218412	-44706.3075248
0.00193879489439	0.00277605897314	0.333647911145	-44708.5838331
0.00202782657276	0.00241669576903	0.343637232091	-44706.4123966
0.00195693136309	0.00248574589512	0.3055156512	-44705.5398138
0.00181904814171	0.00280595562169	0.290493028375	-44707.9615659
0.00225448831415	0.00236222429921	0.246153258204	-44714.8596716
0.00182360736028	0.0025499749399	0.354671062748	-44706.9664558
0.0019513473095	0.0022646116968	0.319309836395	-44706.4715375
0.00195434192997	0.00272229482423	0.314779260487	-44707.8246412
0.00196594699706	0.00232817944007	0.271627316589	-44705.9742715
0.00203377262459	0.00234569057998	0.353723468474	-44706.3355767
0.00203745926951	0.00215287978831	0.290302571142	-44706.8647858
0.0019216885332	0.00240603850149	0.324847654355	-44705.7431703
0.00188268970123	0.00240961993061	0.446250847563	-44707.4414961
0.00195224108316	0.00240656765169	0.441012583367	-44706.9416708
0.00183676938051	0.00265924584049	0.240867023082	-44707.8020983
0.00199023198298	0.00233287720755	0.3612837013	-44705.9392752
0.00196456615466	0.0023420854641	0.302179917757	-44705.6754079
0.001864100381	0.00255950712662	0.311863136851	-44706.1823286
0.00205699756805	0.00224233436154	0.354996950563	-44706.6896692
0.00199020199658	0.00247057841065	0.233914765829	-44706.262653
0.00195433506078	0.00269401580087	0.233787144128	-44707.4891464
0.00188083756946	0.00278589916972	0.350594026251	-44707.8571647
0.00200573215328	0.00246595706779	0.411541828817	-44707.4939102
0.00198754995338	0.00232126507524	0.342633788822	-44705.793749
0.00198431193573	0.00229301524986	0.307569851788	-44705.8284766
0.00214102344984	0.00211453398575	0.350692885274	-44708.679149
0.00210990366773	0.00228172368408	0.293007551055	-44707.2539248
0.0021040533671	0.00247004210024	0.217100135521	-44708.4952412
0.00192588495903	0.00237080768069	0.227742594905	-44707.2635977
0.00198843215495	0.00223435593277	0.270117107951	-44706.5527182
0.00189412477333	0.00264660652495	0.253512246633	-44706.69591
0.00200660237085	0.0023425549232	0.370164272894	-44706.1621581
0.00200831813154	0.00240322205362	0.329961578871	-44705.8358654
0.00208649714156	0.00233482109347	0.28953624361	-44706.8276923
0.00217035011824	0.00197998219738	0.342410427229	-44710.0744564
0.00194812816728	0.00244812238668	0.280555957467	-44705.5917898
0.0019151209043	0.00247197274991	0.242921695574	-44706.4754109
0.00197341293165	0.00249313915924	0.18729934845	-44707.8912313
0.00203921610638	0.00242239056388	0.219858782623	-44706.7932584
0.00203322622344	0.002381100793	0.339560188959	-44706.273734
0.00193700426331	0.00265891918014	0.264906108849	-44706.6595127
0.00206165782174	0.00216164124301	0.221964546415	-44707.7216603
0.0018215091289	0.00256581527244	0.366814875907	-44706.990705
0.00194556789868	0.00236945108839	0.356124911162	-44705.8198531
0.00200984982614	0.00228778788777	0.259519752758	-44706.0805588
0.00206942671968	0.00221910375057	0.362271847866	-44707.0412399
0.00196353647043	0.00243301621348	0.225610637812	-44706.5030875
0.00195901840347	0.00233732321959	0.297271064521	-44705.7695377
0.00201826162404	0.00230559968005	0.276308271786	-44705.8266581
0.00189591913365	0.00237454903724	0.313737350141	-44706.4443108
